5278 57 109075 4518 57 100283 4152 57 93763 4001 57 94422 3143 57 77160 3212 57 78657 3173 57 77773
4191 51 88025 3941 51 85134 3362 51 77774 3199 51 76004 2750 51 68295 2685 51 66757 2644 51 66534
5270 61 108045 4494 61 96627 4086 61 91771 3618 61 84482 3441 61 82087 3120 61 75338 3062 61 75272
4933 58 101344 4439 58 94671 4343 58 97790 3466 58 80949 3742 58 90433 3171 58 78090 3156 58 78035
4397 37 91294 3957 37 86177 3538 37 81227 3222 37 77182 3185 37 78266 2623 37 65323 2602 37 65181
3907 24 81908 3733 24 82295 3315 24 77915 3428 24 81869 2669 24 63808 2221 24 54125 2210 24 53953
6228 37 126440 5599 37 121852 4283 37 98596 4185 37 98139 3500 37 86413 2851 37 70560 2805 37 69806
5868 58 120855 4758 58 103355 4309 58 97569 4095 58 96752 3840 58 95967 3084 58 77437 3035 58 76642
5345 66 107786 4813 66 102761 4202 66 93615 3921 66 91243 3846 66 93829 3343 66 83638 3319 66 83584
4998 51 100532 4183 51 91696 3646 51 83355 3400 51 80953 3082 51 75016 2945 51 72446 2934 51 72335
4906 44 101408 4547 44 100381 4193 44 96890 3715 44 87735 3062 44 75177 3138 44 75859 3081 44 75438
5403 92 107259 4496 92 94259 4206 92 91308 4074 92 94240 3546 92 84252 3459 92 83884 3474 92 83645
5166 54 104427 4382 54 95059 4167 54 95798 3884 54 92360 2884 54 70615 2739 54 67817 2728 54 67777
3988 14 84943 3598 14 80298 2900 14 68043 2846 14 69801 2362 14 58911 2185 14 54100 2150 14 53991
4856 91 95846 4374 91 92090 4011 91 91391 3864 91 88431 3300 91 76645 3187 91 74491 3201 91 74390
4210 37 87338 3698 37 80219 3453 37 79475 3237 37 76816 2761 37 66753 2645 37 64475 2584 37 64399
4129 14 88965 3630 14 80893 3309 14 76470 2914 14 71643 2492 14 59997 2317 14 56646 2295 14 56539
4418 47 93179 4150 47 90726 3722 47 86776 3627 47 85963 3358 47 82345 2748 47 67895 2743 47 67877
4484 23 94520 3689 23 81681 3142 23 74214 2873 23 69364 2608 23 63859 2447 23 60494 2423 23 60071
4507 49 93624 4179 49 90089 3674 49 84410 3202 49 76454 2904 49 71601 2866 49 71265 2850 49 70551
4700 30 96267 4501 30 100635 4139 30 96244 4006 30 96283 2724 30 67322 2710 30 67290 2687 30 67231
