4326 27 91895 3796 27 83433 3323 27 78310 3007 27 71638 2616 27 64085 2536 27 62402 2510 27 62226
3894 20 83640 3230 20 75134 3051 20 72130 2694 20 64954 2448 20 59956 2307 20 56789 2289 20 56584
4033 40 86646 3876 40 85635 3057 40 70673 2950 40 69522 2576 40 62390 2443 40 59355 2412 40 59132
3844 25 82995 3631 25 83248 3269 25 77166 2977 25 70872 2534 25 62359 2415 25 59463 2418 25 59442
4043 62 83020 3666 62 78110 3366 62 77862 3186 62 73379 3225 62 78447 3105 62 76175 3098 62 76161
3679 30 79566 3387 30 77210 2990 30 71040 2745 30 66330 2582 30 62253 2445 30 59277 2440 30 59270
3914 27 85187 3568 27 80564 3205 27 74478 2957 27 69624 2564 27 62714 2410 27 58667 2347 27 57745
3871 15 84304 3739 15 85660 3017 15 71317 2790 15 67530 2437 15 59131 2202 15 53203 2182 15 53090
3887 32 81427 3561 32 76840 3323 32 75223 3068 32 71859 2578 32 61631 2507 32 59575 2443 32 59473
3501 28 74764 3164 28 69343 2789 28 65499 2795 28 68115 3144 28 76331 2990 28 75763 2970 28 75706
3456 29 73932 3198 29 71913 3053 29 71770 3023 29 72389 2831 29 68649 2841 29 71204 2812 29 71193
3622 27 77403 3223 27 73461 3172 27 73831 2803 27 66976 2664 27 65561 2764 27 68865 2746 27 68853
3373 25 72095 2995 25 67306 2599 25 60968 2522 25 58198 2555 25 63032 2442 25 60078 2414 25 59919
3524 36 75017 3305 36 74371 2947 36 67917 2526 36 60883 2709 36 65910 2681 36 65674 2614 36 65538
4088 37 88271 3648 37 81766 3358 37 76800 3466 37 81725 2614 37 62774 2549 37 61216 2515 37 60897
3791 24 81720 3369 24 75865 3099 24 71533 2717 24 64651 2639 24 64382 2566 24 63102 2488 24 61770
3639 20 78299 3201 20 71000 2883 20 67777 2837 20 66994 2400 20 58689 2413 20 57255 2337 20 57165
3583 27 77486 3230 27 73155 2720 27 63417 2552 27 61063 2775 27 68008 2734 27 68867 2714 27 68601
3638 31 79643 3302 31 73670 3112 31 71365 2887 31 68506 2354 31 56150 2232 31 53387 2253 31 53135
4239 51 87881 3966 51 86864 3448 51 77603 3118 51 72408 3179 51 77489 2961 51 72378 2935 51 72276
4140 25 90402 3680 25 83206 2804 25 66174 2500 25 59525 2473 25 59354 2342 25 56741 2331 25 56649
