158494 1248 2313427 175691 1248 2649178 146504 1248 2194181 144519 1248 2143239 116031 1248 1787569 96741 1248 1510618 90109 1248 1450505
169221 1135 2554253 159939 1135 2401937 179670 1135 2800411 167788 1135 2575988 105762 1135 1661964 106226 1135 1727365 65027 1135 1103730
192047 1480 2848470 198716 1480 2972612 156709 1480 2330393 174242 1480 2661174 147294 1480 2293565 119058 1480 1864900 97670 1480 1587841
184086 945 2683630 184638 945 2717754 155183 945 2281735 143648 945 2141502 114322 945 1761866 82088 945 1285924 63339 945 1041215
169152 1471 2518889 153247 1471 2315367 146628 1471 2208583 132627 1471 2024539 124149 1471 1944905 104355 1471 1665592 88022 1471 1401330
208210 1186 3121314 187971 1186 2780098 190231 1186 2851539 153304 1186 2281972 129810 1186 1987532 125488 1186 1979833 93724 1186 1564499
178223 1279 2623198 170237 1279 2533282 138015 1279 2025560 140239 1279 2052583 101893 1279 1532745 91327 1279 1382802 87499 1279 1354702
172599 1883 2552306 169140 1883 2518180 174619 1883 2670526 149006 1883 2264686 122368 1883 1838194 135082 1883 2091336 143382 1883 2284558
229774 1704 3349654 199232 1704 2929708 217768 1704 3183210 198807 1704 2930181 167555 1704 2498565 121365 1704 1859328 106658 1704 1713312
169382 1543 2487327 184362 1543 2733838 185820 1543 2799726 139797 1543 2094867 145437 1543 2192456 133648 1543 2109126 105166 1543 1695701
208245 1612 2936367 194275 1612 2755488 191012 1612 2735208 177440 1612 2600193 132110 1612 1920501 109362 1612 1593694 96317 1612 1521128
163027 1242 2426936 157553 1242 2387109 122200 1242 1796619 116600 1242 1788458 118278 1242 1885507 112350 1242 1808462 98223 1242 1641628
163961 994 2421789 178774 994 2613969 163252 994 2478631 121509 994 1831119 123673 994 1915575 93098 994 1510839 80519 994 1353723
199600 1439 2834603 208768 1439 3033787 180023 1439 2668756 148427 1439 2158886 134796 1439 2005423 106984 1439 1627965 79837 1439 1215849
190516 1830 2755196 184845 1830 2692946 167743 1830 2432821 151246 1830 2226534 131251 1830 1968531 112847 1830 1726254 104685 1830 1630438
210934 1492 3126129 184051 1492 2725948 173085 1492 2563782 164431 1492 2513397 132990 1492 2013103 104800 1492 1587524 119765 1492 1894943
207150 1596 3056846 181677 1596 2693569 162942 1596 2395727 161326 1596 2461318 153257 1596 2388050 117040 1596 1811289 101453 1596 1656211
181232 1855 2670632 161525 1855 2392112 167850 1855 2511953 137843 1855 2065392 124648 1855 1858302 120902 1855 1867161 113634 1855 1738534
164240 1450 2421512 163738 1450 2437218 152264 1450 2259545 144530 1450 2211753 115310 1450 1766860 100362 1450 1593704 75660 1450 1211859
198601 1290 2858460 196547 1290 2878891 206435 1290 3056780 181499 1290 2699826 134739 1290 1985561 114365 1290 1732155 119319 1290 1967917
204167 1328 2927664 200381 1328 2935318 173748 1328 2512586 180964 1328 2675530 123346 1328 1831006 116651 1328 1800029 100850 1328 1597371
