8333 104 138892 6951 104 121097 6136 104 114202 5587 104 107746 4744 104 90798 3722 104 73852 3719 104 73836
13547 289 211509 10492 289 166138 10593 289 182612 8805 289 152224 8017 289 154848 6807 289 127653 6705 289 127601
11386 291 178759 10565 291 172094 9097 291 155977 8465 291 152685 7813 291 146831 7115 291 135010 7110 291 134979
9496 80 154787 7217 80 123635 5760 80 105566 5932 80 109898 4033 80 79874 3623 80 73682 3589 80 73275
11731 146 194468 10402 146 174597 8394 146 152852 7889 146 150087 6154 146 120303 5077 146 97477 5056 146 97386
13162 100 219522 11175 100 193956 8410 100 152455 7465 100 142971 5614 100 110969 4442 100 87220 4359 100 86433
8535 63 138607 6604 63 115838 6106 63 111349 5694 63 110657 4388 63 87904 4121 63 84097 4099 63 83899
12163 341 189571 10700 341 171585 11588 341 204661 10540 341 190139 8358 341 152726 6857 341 128229 6833 341 127467
13447 192 222120 10263 192 175463 7895 192 138910 6727 192 124061 6694 192 128292 5987 192 117013 6008 192 116495
10005 162 159947 8468 162 143496 7047 162 124440 6618 162 125064 5468 162 104395 4846 162 93215 4900 162 93121
10004 103 165045 8889 103 154027 6302 103 117779 5807 103 112124 5496 103 109098 4542 103 90600 4516 103 90422
11539 83 189894 8951 83 150123 7314 83 132773 5998 83 113579 5234 83 104305 4307 83 87605 4256 83 86868
9072 163 146865 7798 163 133771 6949 163 123397 6479 163 126839 5470 163 107276 5509 163 109278 5453 163 108662
14611 277 233159 13756 277 231292 10804 277 184323 8409 277 150034 8268 277 157397 6710 277 130097 6688 277 129885
10093 150 165583 8203 150 142130 7344 150 134841 6869 150 132045 5477 150 102356 4611 150 88510 4628 150 88434
15061 423 229799 13546 423 213357 12060 423 193616 11893 423 207732 8983 423 161001 8646 423 155200 8593 423 154967
13196 197 214719 10642 197 176715 8411 197 144500 7860 197 143884 6312 197 119044 5222 197 99383 5150 197 98326
15919 415 249984 12306 415 197115 11791 415 197772 10341 415 186251 9406 415 173805 8408 415 149465 8378 415 149329
12035 253 189337 10709 253 173939 9319 253 157801 8129 253 147343 7770 253 147236 6734 253 130383 6715 253 130336
12407 201 205126 9778 201 166013 7933 201 139732 7458 201 139940 5447 201 105776 5018 201 96924 4937 201 96671
15429 154 245912 11532 154 190086 10551 154 188365 8921 154 163415 6117 154 118275 5405 154 105433 5344 154 104661
