9195 179 146244 8048 179 131572 7054 179 126265 7097 179 130947 5632 179 108095 4661 179 90148 4623 179 89596
10840 102 178219 8399 102 138740 6991 102 127438 5623 102 114661 5088 102 109501 5094 102 110084 5049 102 108667
7112 121 117135 6045 121 104855 5035 121 93578 4513 121 86422 4670 121 93007 4587 121 91221 4560 121 91166
8761 51 153060 7720 51 138543 6777 51 127108 5929 51 117697 4177 51 83090 3693 51 74149 3665 51 73645
9376 159 146886 8649 159 147536 8486 159 150754 6091 159 112385 5303 159 99759 4574 159 86899 4468 159 86006
8418 69 142556 6984 69 123603 5800 69 104886 4746 69 89092 4053 69 76605 3219 69 60788 3205 69 60595
7282 119 122884 5795 119 104015 5533 119 102105 5494 119 106760 4271 119 80188 4136 119 80527 4128 119 80519
7826 152 126338 6571 152 108029 5945 152 103268 5966 152 108186 4864 152 93752 4706 152 91161 4726 152 91091
7148 89 115628 6162 89 108148 4893 89 89566 4321 89 83738 4555 89 91313 4436 89 89178 4427 89 89132
9677 122 156500 7531 122 127015 6714 122 119630 5467 122 104077 4408 122 85643 4072 122 80316 4071 122 80282
8695 114 137386 7070 114 121538 6577 114 116630 5078 114 95392 4440 114 83608 4228 114 80702 4166 114 80378
9098 168 147787 9403 168 155773 8165 168 143446 7590 168 137764 5795 168 109567 5033 168 95573 5056 168 95001
8957 59 146087 7025 59 119698 6181 59 112531 5726 59 108255 4997 59 99253 4280 59 84746 4262 59 84680
5166 56 87770 4669 56 81127 4224 56 78078 3612 56 70386 3136 56 62641 2986 56 59683 2976 56 59670
10066 194 162488 9567 194 157643 7585 194 133236 6468 194 119730 6836 194 132707 6549 194 127333 6512 194 127167
9558 170 154406 8374 170 145269 7926 170 141217 6977 170 126992 5679 170 108049 4958 170 95415 4901 170 94675
9459 118 150588 8821 118 151368 6939 118 124212 5669 118 108190 5796 118 113089 4874 118 93971 4802 118 93893
10378 274 163710 9284 274 152858 7740 274 130176 6532 274 116600 6732 274 126230 5968 274 111555 5935 274 111359
9046 93 150052 7543 93 129191 6720 93 121289 5582 93 106722 4705 93 91523 3949 93 77491 3928 93 77324
10931 108 182494 7886 108 134467 6820 108 118463 5465 108 100342 4745 108 90378 3953 108 76026 3917 108 75392
7916 74 132737 7689 74 137578 5649 74 104795 5389 74 104203 4407 74 84055 3668 74 70217 3575 74 69478
