18172 114 229016 14857 114 188143 12626 114 171562 9427 114 132197 5193 114 72799 4566 114 65085 4509 114 64725
21662 396 266415 20456 396 256717 19394 396 262335 14334 396 199263 12612 396 181211 10267 396 141466 10224 396 141084
25336 233 307887 18831 233 233701 16558 233 219163 16350 233 234399 11578 233 171574 9564 233 140598 9481 233 139805
25533 444 312439 23201 444 285026 19221 444 244563 13931 444 176158 12381 444 176118 12049 444 170228 12006 444 169186
19962 194 245508 16860 194 207987 14727 194 195006 11268 194 157796 8589 194 126615 7616 194 113237 7528 194 113139
26353 474 315543 21403 474 263825 17411 474 221650 14649 474 194330 12916 474 169792 10350 474 133458 10377 474 133390
22641 269 277204 17836 269 222344 15505 269 202260 12948 269 172055 10139 269 147022 8657 269 125253 8611 269 125041
20832 175 247380 17603 175 220290 16722 175 226374 11614 175 163245 9221 175 134025 7357 175 107707 7282 175 107441
20993 474 242701 18527 474 226808 17472 474 224444 14558 474 192740 11034 474 149969 10881 474 148048 10859 474 148012
30123 448 360332 26512 448 327599 20983 448 268683 17332 448 231695 13828 448 200646 12751 448 186821 12701 448 186592
27545 328 331430 23955 328 290950 18762 328 243016 16321 328 224991 10493 328 147368 10809 328 155655 10791 328 155089
29420 276 363744 24440 276 301381 20706 276 268983 18000 276 245501 12851 276 182657 11214 276 172682 11136 276 172315
32215 433 405895 27211 433 340080 22716 433 288242 17919 433 235193 15716 433 232540 13760 433 207910 13654 433 206771
34118 412 432010 29129 412 371503 25940 412 336525 20485 412 283668 14160 412 210277 13277 412 196504 13237 412 196360
37177 784 461667 31392 784 384299 27279 784 339321 25273 784 331955 19652 784 264400 19943 784 285100 19906 784 284862
29368 566 344100 25689 566 317827 19278 566 246630 18464 566 242735 15580 566 216254 12438 566 169149 12377 566 168596
31127 478 381347 23228 478 285740 20505 478 270303 17653 478 236527 13178 478 182314 11423 478 164179 11402 478 163643
30260 550 360694 24751 550 304090 21527 550 278389 19931 550 261007 15428 550 218396 13421 550 188739 13316 550 187646
31361 402 401177 26708 402 335970 23425 402 305685 21664 402 304501 15008 402 206364 12869 402 195451 12904 402 194948
27352 272 326752 23260 272 296433 20415 272 275037 16276 272 225962 10903 272 157090 8842 272 132526 8843 272 132307
29503 464 353577 27706 464 335985 24296 464 320302 16452 464 217271 14834 464 208090 14044 464 208756 13937 464 207876
