39086 153 776402 43074 153 890727 33262 153 685683 32732 153 699156 26876 153 570813 19444 153 426471 15540 153 341234
50531 184 1005362 39404 184 786322 42550 184 865695 32200 184 660884 30481 184 644543 23081 184 497469 21217 184 476710
50174 177 978110 60799 177 1246266 43827 177 891648 33513 177 676193 31365 177 662910 22026 177 474459 19581 177 435979
48688 230 970188 52330 230 1069777 36721 230 745825 38738 230 793914 27484 230 579820 27062 230 585564 23169 230 526384
56218 229 1124233 47992 229 963942 41658 229 842908 33163 229 685051 29916 229 633542 20039 229 426231 22844 229 519346
45870 231 928711 43655 231 890489 34370 231 696807 36429 231 737522 29210 231 606888 19675 231 435914 18172 231 404737
44737 211 909400 48119 211 982235 39041 211 814185 31607 211 672125 26491 211 571916 27016 211 592744 22049 211 489579
52485 191 1053198 39333 191 783437 36212 191 730054 30511 191 643837 29403 191 609220 22234 191 473012 17633 191 379847
47794 199 939692 57067 199 1174578 39628 199 812405 33017 199 684721 32354 199 689639 21054 199 454610 24712 199 543503
55520 224 1134679 43942 224 878680 36547 224 738728 35826 224 743140 27567 224 583997 26986 224 579363 19805 224 428054
56069 175 1162697 32602 175 660714 43370 175 908700 32130 175 670329 23525 175 519480 22740 175 493022 20727 175 466197
48485 235 969732 42045 235 847435 36793 235 755107 36647 235 767768 31670 235 684196 21621 235 471534 27383 235 622637
50495 272 1035876 43101 272 880028 47142 272 979393 35517 272 744526 24974 272 518741 24902 272 538660 20238 272 429738
49879 161 1008724 39720 161 802296 34037 161 695331 29944 161 620261 23410 161 504647 18577 161 401675 18352 161 405910
51812 254 1022136 46556 254 954531 45737 254 938609 31943 254 653712 29147 254 616581 20050 254 422667 24155 254 526405
49225 179 992216 38982 179 775177 43954 179 909337 36655 179 766743 28372 179 592677 22587 179 491830 21085 179 461422
43480 232 872679 41194 232 835027 36999 232 762756 33379 232 678965 26400 232 568298 22077 232 485372 22908 232 523068
42477 170 853834 43710 170 888467 36130 170 742009 28898 170 599892 25893 170 553178 23414 170 522698 19690 170 455764
39852 230 789334 47289 230 956170 43845 230 895496 33336 230 689189 26976 230 570000 22059 230 467132 19088 230 415082
51263 225 1034146 45697 225 920553 41189 225 836263 33974 225 695616 27636 225 590503 20110 225 429534 19557 225 437350
49532 213 955364 58126 213 1175698 42424 213 859384 34019 213 694335 31115 213 647347 25880 213 567429 17128 213 379483
