32422 821 350374 28255 821 314945 24283 821 278938 21656 821 254658 20139 821 251091 17721 821 234947 17180 821 236636
32406 944 360134 30778 944 346150 28729 944 340203 26696 944 314676 22364 944 272176 18652 944 235785 17322 944 219067
24756 735 271400 23970 735 271516 21809 735 253927 19384 735 236281 15215 735 187847 14092 735 175854 13800 735 172212
27827 715 309474 22742 715 252124 21201 715 244199 18386 715 218108 14715 715 180895 13570 715 172145 13161 715 167349
30563 803 338170 29882 803 331785 24877 803 288221 22264 803 267875 19629 803 247625 19131 803 259665 19052 803 258133
26540 697 293254 25241 697 279176 21162 697 239348 20680 697 246719 16834 697 206948 15531 697 194972 14174 697 178304
28956 904 325254 27023 904 300486 25978 904 298534 22010 904 265593 19030 904 230971 18436 904 241011 15881 904 204139
34058 759 370658 30522 759 339844 27349 759 309717 23954 759 282798 18226 759 231682 18827 759 240012 17426 759 224534
41216 746 448591 36062 746 397167 30732 746 345385 28111 746 339403 20595 746 247073 17525 746 231709 16003 746 212246
30267 708 337439 28536 708 320800 25600 708 299431 22267 708 268877 17726 708 225483 16430 708 213407 15043 708 196727
34288 939 371194 31398 939 335459 29427 939 332392 25704 939 286180 23183 939 274566 20760 939 262965 21173 939 274216
31218 894 342770 26990 894 292086 25292 894 287948 21195 894 248988 19119 894 235064 17768 894 224326 18438 894 240479
37777 769 403702 33337 769 361278 30118 769 337525 27065 769 313622 20909 769 258329 18005 769 240288 17572 769 242571
37941 660 437359 29868 660 340692 28393 660 334516 23423 660 285780 19209 660 245282 17919 660 246869 14662 660 202617
27681 701 298331 24392 701 273230 23939 701 275800 20580 701 242341 15995 701 202004 13124 701 173050 13107 701 172402
29735 948 333256 27936 948 311328 24517 948 277196 23296 948 267168 20345 948 238814 17611 948 214850 16609 948 206771
36947 645 406746 32617 645 360531 29894 645 338541 26877 645 316136 21370 645 271008 16951 645 242983 15166 645 214941
33548 999 364807 30711 999 345359 27220 999 306522 22972 999 264901 19712 999 234548 20181 999 255214 18307 999 230897
23264 714 256253 21165 714 234142 20766 714 241908 17157 714 199886 15042 714 184581 13063 714 166780 12982 714 166443
29281 490 323508 27766 490 317415 26714 490 314212 20655 490 250841 15183 490 195610 13274 490 179224 12020 490 159362
29481 607 333561 25216 607 289698 23543 607 284979 21776 607 267635 17788 607 230246 17391 607 249570 15614 607 217117
