1157422 4945 12465474 845356 4945 8786726 1079190 4945 11669871 1051525 4945 11467713 880160 4945 9804602 660998 4945 7458120 368800 4945 4004282
1180621 6683 12931770 1131076 6683 12472940 1177174 6683 13149114 1065170 6683 11977853 800159 6683 8872553 710675 6683 7922021 659987 6683 7592145
1051034 8147 11378299 1046713 8147 11281765 1013948 8147 11062087 964535 8147 10561676 880643 8147 9792554 733380 8147 8135988 715686 8147 8013986
1020014 6559 10710402 897296 6559 9462138 907575 6559 9557474 832703 6559 8871767 774248 6559 8465237 690770 6559 7589629 667152 6559 7384847
876728 5093 8871968 972729 5093 9931620 847487 5093 8769872 701946 5093 7080165 608154 5093 6169067 522320 5093 5395791 556924 5093 6073457
946899 5833 10348076 1007595 5833 11176109 805505 5833 8765258 777977 5833 8487619 695854 5833 7759727 677711 5833 7921207 508863 5833 5900993
899049 6286 9617347 938006 6286 10124271 892203 6286 9649449 894375 6286 9825833 723297 6286 7914613 690701 6286 7675764 505144 6286 5501740
1014993 6967 10790059 1100269 6967 11836580 1058774 6967 11576836 1112394 6967 12248196 1019918 6967 11265382 708524 6967 7667336 695625 6967 7933644
897187 5252 9660127 1026539 5252 11287454 764260 5252 8198422 814790 5252 8897346 800119 5252 9041772 687581 5252 7847668 525754 5252 6011657
991185 5799 10614340 878400 5799 9266363 849253 5799 9056998 1039544 5799 11532392 715586 5799 7946225 723054 5799 8134770 571872 5799 6552447
1074309 5458 11061440 942056 5458 9551566 1145358 5458 12047737 1047848 5458 11101520 686936 5458 6978292 588593 5458 6258074 511092 5458 5591005
1074829 5909 11496791 1041099 5909 11227562 1098409 5909 11950803 1025659 5909 11231375 830883 5909 9122907 735326 5909 8145965 425725 5909 4745716
1010643 5228 11066718 1029898 5228 11293308 1032198 5228 11443436 834215 5228 9190990 678448 5228 7497561 731009 5228 8391322 475117 5228 5502431
1154241 7249 12770581 986571 7249 10890573 1061762 7249 12100637 899082 7249 10095676 823748 7249 9374296 747751 7249 8599591 734362 7249 8531666
959760 7125 10295174 966893 7125 10508756 971538 7125 10503548 1002518 7125 11021886 805150 7125 8955250 762292 7125 8629066 731527 7125 8327696
1196214 7313 13081924 1075233 7313 11955788 1026170 7313 11213113 976459 7313 10792356 896898 7313 9965747 816304 7313 9027351 716551 7313 8203051
1101295 6734 12068375 1019861 6734 11210523 1041456 6734 11504315 1095061 6734 12159460 851721 6734 9692126 666060 6734 7396604 725138 6734 8542730
1189083 6255 13202249 1006273 6255 11043392 985157 6255 10848866 1011338 6255 11328021 855984 6255 9734691 865163 6255 9949106 606825 6255 6805823
1144479 7433 12350031 1064967 7433 11429979 945323 7433 10117042 976030 7433 10674766 942601 7433 10519054 747749 7433 8249450 579365 7433 6223024
857406 6075 9142660 820426 6075 8893241 680945 6075 7396878 657971 6075 7178750 633267 6075 6854091 621357 6075 6942910 547192 6075 6143602
1090619 6160 11698421 1081350 6160 11694707 1153643 6160 12569683 858746 6160 9223710 783561 6160 8523369 779235 6160 8752543 584730 6160 6824059
