15196 195 142364 12785 195 137030 10872 195 130072 9892 195 127075 8229 195 116024 6318 195 91770 6141 195 90525
9373 78 144190 7563 78 123485 6374 78 115176 5849 78 110085 4604 78 95583 3809 78 80463 3684 78 78707
8268 146 139833 8115 146 144287 6770 146 127149 5906 146 117978 5530 146 118171 5574 146 122697 5549 146 122689
10969 194 180305 8806 194 147965 7975 194 141745 6830 194 132871 6612 194 132026 5112 194 108260 5022 194 106682
9542 102 167216 6771 102 123110 5941 102 116186 5224 102 108464 4068 102 89102 4733 102 106055 4657 102 104813
10094 191 169345 8345 191 147245 7213 191 131679 6671 191 130277 6223 191 126646 5303 191 114299 5197 191 112505
8036 74 138850 7138 74 130864 6225 74 122305 5414 74 113368 5066 74 109221 3964 74 88208 3755 74 85990
10299 249 164295 9035 249 152111 8003 249 142520 7301 249 137845 6622 249 128519 5783 249 120779 5731 249 119901
9891 184 164509 8263 184 141011 7291 184 135654 6467 184 127422 5511 184 115490 5462 184 114987 5421 184 114538
10429 139 166672 9606 139 164221 8201 139 141666 7128 139 131106 5552 139 118550 5259 139 114860 5222 139 114880
12810 251 207214 11999 251 200415 10014 251 173331 8684 251 165089 7427 251 148173 6817 251 147109 6164 251 133116
8080 152 144436 7579 152 145294 6320 152 130060 5412 152 119473 4435 152 105315 3536 152 81660 3406 152 78819
11428 451 197746 10697 451 189209 9906 451 185521 8916 451 172930 8009 451 164549 7314 451 160440 7358 451 157705
6573 140 128437 5777 140 118045 5076 140 109068 4128 140 93389 4152 140 97632 3893 140 92341 3832 140 91356
7109 120 128699 6303 120 123656 5729 120 115204 5327 120 114349 4116 120 95689 3704 120 90146 3699 120 89444
9343 242 165473 9352 242 174285 7956 242 153366 5901 242 123380 5283 242 124715 5714 242 134570 5932 242 140937
8684 162 158335 7632 162 146648 6785 162 136890 6329 162 138106 4636 162 103997 4315 162 106468 4301 162 106807
9282 82 172717 7939 82 149318 7710 82 152920 6173 82 135026 4937 82 115584 4171 82 104414 4114 82 104556
10193 179 188574 9254 179 179486 7978 179 162108 6905 179 150660 4685 179 108003 4560 179 106016 4402 179 103096
11055 238 206641 9291 238 178761 8800 238 177575 7584 238 161078 5680 238 129329 5691 238 135350 5627 238 136278
8908 168 162243 7996 168 153689 6840 168 139938 5922 168 126142 4824 168 112077 4179 168 99109 4114 168 97810
