13036 36 333979 14185 36 386827 13355 36 367913 10050 36 274028 12414 36 343225 8027 36 225931 7982 36 223067
13446 34 349391 12264 34 319622 11705 34 306230 9010 34 238016 11514 34 318370 10399 34 285670 10742 34 305393
10359 36 273952 8775 36 228216 9716 36 263791 9912 36 265539 10804 36 294424 7941 36 218360 7643 36 214267
12836 26 332239 11275 26 293104 12437 26 332797 10546 26 282049 12504 26 338940 9484 26 269487 7143 26 198630
12334 31 321803 10850 31 287137 9499 31 259407 9915 31 275003 10098 31 284056 11032 31 308466 8292 31 235837
11778 33 305826 10285 33 275314 10101 33 276647 9700 33 258711 9828 33 275419 9423 33 263234 8123 33 227389
12715 48 325940 11209 48 288975 13988 48 373936 10082 48 272510 10094 48 272008 10856 48 298771 8940 48 249042
12684 32 324754 12026 32 315775 9736 32 265618 9336 32 256854 8110 32 219673 8518 32 236583 8925 32 252669
13020 31 342109 12672 31 331547 12460 31 324664 12769 31 347340 11573 31 305577 8961 31 247761 7688 31 212888
13788 42 359750 12711 42 343161 9726 42 255043 10067 42 267358 11949 42 327108 10583 42 286154 8132 42 225150
14007 20 362951 10103 20 273523 9679 20 264379 9238 20 251949 12021 20 326816 8540 20 234178 6273 20 171840
13158 28 337744 13044 28 352774 9645 28 260155 9109 28 248263 9452 28 265727 9315 28 262785 7576 28 208891
15851 37 417929 16457 37 432327 14059 37 374820 13105 37 352680 8818 37 243982 9692 37 268376 9173 37 256411
10733 26 277064 10246 26 272535 9235 26 252792 8935 26 249553 10623 26 292303 8888 26 238446 7360 26 204605
14760 35 397555 11664 35 322630 9382 35 252647 11003 35 305062 9155 35 249279 9678 35 273124 9339 35 262835
10685 35 279976 11437 35 310423 10615 35 283401 10019 35 272953 11163 35 306988 8359 35 226928 9296 35 262218
11916 34 307192 12889 34 337405 12115 34 326424 13630 34 363098 10959 34 303747 8393 34 233462 8287 34 232156
10733 34 285314 10808 34 287361 9710 34 269606 8726 34 237446 9546 34 263105 8037 34 220974 8799 34 248421
11332 31 295522 10723 31 295593 9650 31 264049 9805 31 270606 10250 31 290477 9965 31 282471 8844 31 251763
11755 28 297770 11946 28 307112 10502 28 278121 9234 28 250417 11188 28 311560 8946 28 246608 8236 28 232544
10945 28 288332 10516 28 288934 15948 28 429301 13032 28 358207 7176 28 193650 8118 28 228644 7529 28 211788
