109510 1342 942614 102523 1342 872701 105887 1342 959987 84963 1342 775198 57710 1342 535176 56743 1342 576261 56102 1342 567496
95426 650 825155 73702 650 653764 69327 650 647254 56601 650 547709 37091 650 377988 31067 650 342995 30995 650 342795
112150 806 951147 82370 806 739755 71039 806 634676 64802 806 626378 43196 806 433843 34902 806 353636 34336 806 352762
105661 805 850889 91749 805 752896 73206 805 631995 55025 805 495964 36015 805 332617 35845 805 369065 35380 805 365802
110185 1203 925103 98634 1203 851871 82956 1203 715653 70129 1203 645500 57597 1203 555946 53876 1203 560293 53543 1203 557851
82639 1029 697121 70794 1029 615881 67337 1029 602184 55804 1029 537429 39978 1029 378319 38914 1029 395687 38100 1029 391571
93216 942 813399 80924 942 689328 76470 942 690525 68038 942 637982 41031 942 390210 41317 942 421062 41234 942 420672
82803 608 693351 79209 608 696253 68414 608 615311 64721 608 646971 33535 608 335020 29147 608 301311 28835 608 296471
113688 1295 1012489 102104 1295 848491 93627 1295 817530 79665 1295 746323 53475 1295 500905 53648 1295 539909 52852 1295 533807
103079 916 868391 81975 916 698104 74560 916 672382 63060 916 590987 45206 916 465219 42224 916 427945 41631 916 425134
96297 1270 840207 82594 1270 748009 74901 1270 733122 62818 1270 616837 53785 1270 522923 45845 1270 468934 45373 1270 465401
104164 917 892040 106634 917 967110 90987 917 836395 77274 917 709424 46815 917 473053 43408 917 472352 43063 917 469992
95840 582 795889 70649 582 593004 66056 582 596575 51361 582 480335 32741 582 342015 25824 582 264514 25625 582 263891
101463 743 857030 81849 743 738232 75789 743 694981 46487 743 414924 33018 743 305262 35658 743 368356 35244 743 366559
118780 890 1035101 102174 890 948235 97135 890 950004 66598 890 635649 47200 890 505612 39875 890 440321 39327 890 436519
92384 724 780088 72455 724 631086 62469 724 559302 52298 724 504231 30371 724 275245 24830 724 238850 24693 724 237963
99852 533 836741 80154 533 692758 52131 533 436828 47625 533 457887 34923 533 338677 19485 533 173437 19288 533 171605
96841 1230 827288 86695 1230 731836 74882 1230 618666 65839 1230 607116 54930 1230 517528 56388 1230 571737 55474 1230 563512
94313 882 842164 77799 882 671447 70548 882 629379 50763 882 460944 51748 882 519750 33342 882 350310 33313 882 349596
80461 1129 639365 67933 1129 574024 62921 1129 572587 49130 1129 455073 45967 1129 469647 38855 1129 388479 39078 1129 387897
118429 875 1041531 105783 875 913788 94763 875 905716 73907 875 690374 49623 875 515358 31197 875 312355 30254 875 304934
