26376 361 306903 19990 361 233367 17255 361 217085 15946 361 220910 12943 361 191230 13406 361 203661 13263 361 202975
33498 512 405891 23624 512 291815 19911 512 247846 18227 512 245320 16803 512 239889 15133 512 223220 15103 512 223213
32747 549 407574 22801 549 269266 23420 549 308136 22827 549 311382 17750 549 260682 15789 549 230725 15699 549 229957
27280 478 310958 24012 478 303579 20971 478 273645 16912 478 224525 14371 478 197869 12220 478 171709 12236 478 171536
37797 396 467112 28547 396 361864 25854 396 335514 20358 396 275284 15130 396 226639 11612 396 170209 11559 396 169704
36092 554 435014 36363 554 477623 30782 554 408370 27229 554 368106 16499 554 235896 18013 554 270389 17861 554 269919
32271 541 393013 25602 541 310930 24601 541 322425 22045 541 294535 15466 541 213677 16324 541 241410 16248 541 240714
32857 674 408759 27987 674 347516 25410 674 321478 23237 674 315330 16199 674 225663 16105 674 223453 16149 674 223291
28206 382 336754 23851 382 287552 21660 382 269667 15196 382 199148 13549 382 196431 12049 382 177597 11982 382 176544
36192 438 437583 32233 438 406829 27350 438 360024 20489 438 270579 17763 438 264283 14513 438 219046 14460 438 218333
38889 230 478302 30449 230 376876 21925 230 284808 17922 230 244486 10508 230 158859 9034 230 139136 8729 230 135527
30011 351 376874 26289 351 340029 20447 351 271665 17621 351 241177 11816 351 176659 9436 351 137068 9367 351 135952
34656 682 407863 31922 682 384470 24889 682 311218 22577 682 302910 18875 682 259401 17213 682 247192 17054 682 246965
40057 811 498798 31410 811 391240 29358 811 381896 24926 811 334164 22607 811 313028 19569 811 274821 19357 811 273274
40530 543 494230 32884 543 412242 25819 543 324062 21205 543 277551 15347 543 211121 14066 543 205446 13889 543 203600
37993 675 465081 38003 675 480920 29466 675 378919 27512 675 368392 18701 675 260284 17890 675 254102 17717 675 251410
27757 591 329905 22212 591 263074 20585 591 254347 16705 591 213232 15191 591 209032 14019 591 197189 13966 591 197114
41979 592 529799 36057 592 456978 32364 592 418342 27393 592 374143 18237 592 259069 16445 592 241935 16161 592 237829
28791 761 350221 22242 761 279600 19973 761 250373 18449 761 231714 16837 761 228158 18382 761 275716 18385 761 275671
32361 552 366970 27591 552 337614 23733 552 307551 18012 552 244575 16044 552 224661 14036 552 198633 13923 552 198014
25380 560 296751 23980 560 292834 20817 560 266213 16723 560 218110 15438 560 210947 13522 560 188443 13530 560 187998
