74403 840 610529 66533 840 556507 55116 840 490939 45169 840 414315 43902 840 438536 36352 840 374149 36223 840 373121
102721 432 868331 78954 432 688591 70382 432 643915 54774 432 523736 31853 432 315352 25118 432 257908 24955 432 257139
64880 439 552756 58281 439 477083 48181 439 421944 37221 439 341189 34331 439 341519 27879 439 279684 27758 439 279064
83274 655 689311 78025 655 642818 65484 655 579059 57449 655 540498 37386 655 361126 28782 655 286137 28743 655 286111
110141 844 962136 98523 844 892912 68804 844 623575 53342 844 502637 36385 844 346058 38347 844 398082 38372 844 396517
95511 725 813107 77673 725 677345 65923 725 592796 52594 725 487352 33214 725 303256 41744 725 463342 41678 725 460956
104496 523 854079 92808 523 771137 69715 523 576322 42837 523 367334 29348 523 277841 23776 523 227086 23292 523 223341
100618 1293 869272 105668 1293 996199 95491 1293 924387 76551 1293 709798 70251 1293 707575 60107 1293 599759 57447 1293 579344
110658 1006 1007743 94758 1006 860233 85808 1006 793946 69823 1006 661598 47968 1006 467093 38250 1006 380784 37878 1006 377754
86067 804 720541 74783 804 608505 60421 804 507694 43392 804 372630 45499 804 448095 29368 804 271852 29279 804 271578
95955 776 833861 106600 776 960762 80847 776 709631 61428 776 534969 59996 776 575458 46075 776 476339 45713 776 473523
74780 478 622978 61576 478 496377 56298 478 494308 36774 478 346943 22168 478 211486 17943 478 171104 17814 478 170580
94832 662 806982 83256 662 707239 79420 662 737201 49681 662 470270 32015 662 316360 32528 662 346094 32479 662 345912
107225 752 880954 83791 752 690413 71597 752 624947 53577 752 479211 39210 752 368483 33502 752 346895 33286 752 345159
101856 362 867153 91451 362 793054 74508 362 650447 58429 362 547211 32354 362 334034 21669 362 234597 21531 362 233459
95851 855 759205 81998 855 667668 79113 855 686066 62200 855 576116 37433 855 334611 33287 855 317021 32741 855 313029
92069 668 816171 76461 668 683033 77538 668 702054 51431 668 447883 46977 668 485196 30992 668 300866 30592 668 296523
86376 854 748192 70438 854 633112 73119 854 693095 62927 854 625957 47248 854 486463 37535 854 400367 37147 854 398319
82503 988 685721 77134 988 685514 67430 988 605516 57696 988 541039 46794 988 469850 35680 988 351048 35684 988 350442
115241 663 1005052 84240 663 797561 68688 663 623492 55698 663 532309 44654 663 480289 32317 663 354241 32037 663 353634
101731 1317 868016 94431 1317 864645 89009 1317 822574 71783 1317 685653 61788 1317 601905 44665 1317 432212 44539 1317 431016
