17913 42 295013 4907 42 88736 3262 42 63793 2507 42 51765 2113 42 45439 1924 42 42921 1834 42 41947
17297 37 294763 4793 37 89306 3247 37 65326 2553 37 53292 2082 37 46153 1976 37 43996 1853 37 42503
16929 41 284030 4716 41 89073 3276 41 65282 2500 41 52738 2116 41 45999 1986 41 43641 1838 41 42191
18088 42 296363 4825 42 88380 3463 42 65927 2556 42 52984 2010 42 45158 1923 42 43224 1818 42 42230
17162 44 290128 4868 44 89414 3362 44 65327 2583 44 53003 2099 44 46138 1947 44 43752 1823 44 42242
17291 42 291465 4815 42 89433 3249 42 65263 2462 42 52569 2127 42 45949 1937 42 43527 1833 42 42288
17657 36 293593 4618 36 88153 3182 36 64705 2500 36 53244 1984 36 45519 1869 36 43253 1815 36 42214
17289 44 293076 4746 44 88734 3273 44 65017 2540 44 53069 1982 44 45274 1882 44 43208 1824 44 42127
17505 41 290385 4992 41 90059 3218 41 64435 2455 41 52472 2039 41 45799 1894 41 43448 1829 41 42370
17385 40 289732 4844 40 88832 3334 40 65155 2587 40 53374 2074 40 45732 1917 40 43309 1816 40 42018
16533 43 282365 5007 43 90846 3369 43 65703 2569 43 53415 2093 43 46062 1890 43 43379 1867 43 42301
17460 39 293585 4745 39 87638 3234 39 64056 2509 39 52965 2062 39 45281 1926 39 43445 1816 39 42065
17881 37 293547 4782 37 88436 3363 37 64716 2597 37 53210 2017 37 45175 1877 37 42984 1813 37 41972
18303 44 297510 4792 44 89178 3332 44 65119 2566 44 53298 2177 44 46413 1984 44 43988 1875 44 42621
17899 35 294358 5030 35 89670 3401 35 65639 2549 35 53106 2129 35 46114 1932 35 43520 1812 35 42097
17415 40 287856 4740 40 88173 3367 40 65136 2582 40 52588 2073 40 45661 1912 40 43322 1814 40 42028
17356 42 291738 5084 42 90228 3475 42 65963 2532 42 52589 2071 42 45429 1923 42 43262 1820 42 42154
17106 45 288080 4802 45 89543 3345 45 65340 2592 45 53580 2038 45 45418 1907 45 43339 1837 45 42381
17686 43 291312 4727 43 88403 3462 43 66165 2627 43 53848 2171 43 46282 1940 43 43895 1875 43 42425
16976 36 288980 5010 36 90729 3449 36 65793 2577 36 52592 2058 36 45934 1893 36 43229 1815 36 42031
17067 39 291281 4653 39 88328 3108 39 64202 2473 39 53311 1985 39 45301 1902 39 43407 1858 39 42210
