19115 405 292000 15986 405 245337 12558 405 201526 10677 405 185905 8280 405 147186 7144 405 125876 7031 405 124121
23687 312 334955 22113 312 320820 20469 312 309258 18219 312 286246 12891 312 210013 10007 312 185396 7620 312 149010
26697 705 395218 23675 705 356281 20235 705 315090 15426 705 246827 14517 705 240889 11653 705 198962 10567 705 180632
23995 617 357837 23860 617 364858 20885 617 326588 17111 617 280244 14520 617 250505 13650 617 250088 12661 617 232811
16426 383 255867 13820 383 218796 12051 383 197070 9642 383 170569 8927 383 165663 7988 383 149705 7931 383 148321
19326 457 286022 17712 457 276343 15542 457 243859 12736 457 210809 9356 457 168513 8413 457 152702 8069 457 146916
21265 548 309712 21243 548 319074 17890 548 278179 15681 548 251672 12677 548 215160 9675 548 174454 9435 548 170256
19433 401 289264 17165 401 267499 15774 401 256664 14680 401 253647 11687 401 215038 10569 401 207017 9606 401 190005
22870 793 348426 23531 793 372871 19796 793 305574 17294 793 272820 16001 793 263539 14346 793 249026 13454 793 235746
21959 410 342108 18207 410 280249 15435 410 237827 14277 410 241381 11310 410 206048 10476 410 200936 9264 410 178544
23694 911 348870 22112 911 325581 19504 911 296069 18182 911 283871 16079 911 264989 13798 911 232442 13725 911 232135
23357 533 342801 22991 533 363070 18893 533 300411 14723 533 245178 13910 533 248340 12094 533 222490 10306 533 189620
20664 543 303524 16855 543 248377 15089 543 232717 12067 543 192529 9893 543 167101 8887 543 157832 8812 543 157231
25367 796 363102 21140 796 311314 20570 796 316283 18156 796 278781 14969 796 247414 13511 796 229091 12426 796 213243
32881 770 514857 27251 770 428770 23667 770 369867 22774 770 375917 17604 770 298178 17529 770 303205 15087 770 258081
22032 399 318045 18569 399 277758 15822 399 245801 14223 399 233460 10844 399 195375 10246 399 198411 9315 399 182019
21320 610 308205 19838 610 298684 16196 610 247600 14369 610 231574 12327 610 207218 10447 610 183406 10206 610 182247
27835 645 431367 21920 645 339693 20082 645 320481 16457 645 264714 14843 645 263624 14308 645 259131 13100 645 238750
21141 518 317661 18536 518 288263 15774 518 255379 13243 518 218315 10556 518 184352 9894 518 179775 9631 518 174855
21336 537 324871 19899 537 301636 18598 537 290738 14339 537 231689 12266 537 210551 10805 537 195666 9652 537 175872
24173 634 359285 22601 634 351978 20323 634 320040 15307 634 242366 12264 634 211379 10127 634 174696 9986 634 171959
