53773 745 375091 39847 745 281969 36802 745 269460 34861 745 256212 28689 745 219754 24533 745 200155 23296 745 195980
45573 606 296305 46148 606 311498 38105 606 261530 28068 606 201939 25524 606 205159 22492 606 191941 20338 606 176414
45756 614 317117 36170 614 252207 32370 614 234378 28264 614 211402 21271 614 182947 21350 614 189842 21444 614 189661
46529 643 321503 39897 643 280143 37525 643 275261 34190 643 258262 30048 643 243210 23478 643 199757 20631 643 177666
35823 579 239087 36104 579 252056 30131 579 213916 25392 579 186939 21891 579 180074 19644 579 170354 19594 579 170350
48601 1122 327793 47127 1122 317354 41498 1122 282205 38519 1122 275510 34357 1122 256802 30102 1122 236032 29938 1122 241449
41264 799 278052 39635 799 277774 36447 799 254809 34613 799 248253 27927 799 215854 23191 799 190933 23686 799 208262
43451 426 292316 38467 426 262027 33901 426 238354 26566 426 199425 18918 426 156900 16915 426 153694 16561 426 150896
45739 795 310168 41899 795 292729 40999 795 306632 34461 795 257197 28158 795 228211 24062 795 200633 22523 795 191408
51758 982 341372 53852 982 374197 47310 982 322118 43922 982 318329 36332 982 279719 31476 982 244621 30164 982 242391
41289 667 285610 34548 667 243276 30571 667 216665 26920 667 196737 21588 667 168616 18538 667 146000 18482 667 145402
46111 644 330818 40022 644 279142 39142 644 293442 30282 644 227785 24319 644 201571 22514 644 187107 20067 644 170250
43912 424 302903 34467 424 246087 33184 424 245419 23808 424 182090 19681 424 158632 15605 424 135268 15421 424 133866
41656 598 297068 40470 598 286784 33766 598 242570 27863 598 211846 22933 598 181749 18375 598 154449 17873 598 150461
36833 618 256120 29999 618 213806 28874 618 220911 27412 618 208167 21138 618 164043 18650 618 150152 17721 618 141307
40061 562 281454 33884 562 243548 32471 562 237548 28485 562 217104 20277 562 160177 18424 562 154851 17748 562 151128
43120 801 303694 39525 801 278419 37950 801 269833 33441 801 252580 29699 801 235733 26899 801 222403 24437 801 202336
48282 904 336688 39494 904 268776 39525 904 272669 34970 904 250250 31041 904 247317 26833 904 214388 23961 904 192293
49207 914 340962 40397 914 277895 39288 914 285173 33669 914 252211 25484 914 197825 23271 914 185690 23374 914 185629
44477 637 294426 37044 637 254115 34618 637 247888 28385 637 211113 22459 637 173409 23731 637 192765 20670 637 172606
53904 834 381513 48730 834 342679 46445 834 331234 42335 834 320075 32848 834 257518 29231 834 243283 26746 834 219887
