8392 27 89353 6140 27 61660
7870 20 79786 4399 20 59239
10286 40 83706 4780 40 59435
9087 25 82024 4913 25 58925
9151 62 84049 5629 62 75977
8558 30 77921 5322 30 62111
8411 27 84171 4933 27 60067
8491 15 81680 4132 15 51037
9198 32 82762 4800 32 59769
8492 28 72681 5270 28 76645
8052 29 73105 5666 29 73353
12669 27 77018 7282 27 59817
10293 25 70594 5759 25 61200
10538 36 75655 6797 36 67650
10892 37 84780 7775 37 67585
10381 24 81007 6995 24 60019
10383 20 77617 6389 20 51825
10285 27 73673 5958 27 63983
10650 31 77637 5899 31 59122
10699 51 83297 6349 51 67123
5800 25 77718 3978 25 55667
