52363 1787 972215 43368 1787 910295
51535 1656 977532 40476 1656 878464
48793 1097 958848 35466 1097 813498
50765 1239 990111 39421 1239 899035
52035 1902 976362 39197 1902 817462
52719 1831 996987 42141 1831 894972
48957 1299 947650 37223 1299 837149
51473 1532 985186 37540 1532 834784
51697 1676 970225 39400 1676 839937
50478 1251 971493 35524 1251 811235
50364 1283 966968 43879 1283 1014597
51078 1672 965705 41171 1672 884203
51893 1616 996143 38176 1616 834882
52761 1958 985412 41992 1958 887988
51112 1631 968826 43266 1631 950404
52132 1810 994542 41486 1810 888810
51795 1268 969537 36697 1268 824912
51932 1729 978338 44897 1729 977814
49785 1406 955800 35677 1406 802194
51276 1590 979161 39229 1590 871869
54884 1517 1083953 38633 1517 847817
