4081884 32300 40408483 3956422 32300 40373178
4368514 33300 42680039 3640536 33300 36314511
3675633 33026 36833874 3881698 33026 39654084
3547232 33967 35242405 3913550 33967 39533155
4072016 32854 41250023 4070921 32854 41740362
5404197 33293 54221531 3958880 33293 40106717
3954790 33161 38948374 3644317 33161 36312965
4173496 32901 42065545 3969018 32901 40949653
4194518 33732 41879576 3838026 33732 38393800
3779632 32007 37352517 3744399 32007 38227983
4416189 32642 43453947 3522603 32642 35030478
4185930 33684 41599057 3826817 33684 38381293
4476536 33587 44720300 4058849 33587 41120041
3269252 32456 31778286 3307670 32456 32983630
4045320 32874 39730170 3801043 32874 37866659
3692660 33302 36669183 4599691 33302 47238547
4115722 32315 40368872 3403222 32315 33788859
5792632 33331 58748133 4268228 33331 43526934
5001914 33470 50852979 4791132 33470 49525772
3722670 34051 36627383 3781008 34051 37884279
4327464 32637 43773472 4062985 32637 41420702
