2107338 4723 23273529 477821 4723 5240510
1823514 5818 20017729 664315 5818 7823570
1993122 5639 21838702 787322 5639 8760838
2180264 6564 23946238 743655 6564 8163538
2670078 6481 28883108 793492 6481 8835525
2315601 6312 25972663 971795 6312 11081470
2738817 4391 29660817 627171 4391 7056052
1838616 6625 20143038 782463 6625 8649266
2155350 6262 24209076 785312 6262 9347035
2155101 2518 23285227 399128 2518 4658915
2808054 7351 30775067 867071 7351 9771791
2332676 7636 26467397 940629 7636 10897722
2326047 7607 26205434 994743 7607 11684599
3113719 7470 34392686 865928 7470 9831032
2186148 6365 23933112 965228 6365 11098817
2020581 4548 21876830 527669 4548 5898354
2376148 5104 26118987 479797 5104 5483829
2464237 5381 27150511 805168 5381 9518360
2026141 4049 22743631 652071 4049 7710515
2342512 7060 25964968 1006085 7060 11430408
2191354 4714 24611040 466030 4714 5172348
