1306733 3547 13044393 522966 3547 6149644
1175117 4037 11287884 619124 4037 7152213
1110678 3625 10674255 559184 3625 6239572
1128275 4546 10680322 901218 4546 10443769
1142297 5532 10656886 975167 5532 10709934
1122142 3724 10536165 546471 3724 6213623
1214714 3794 11938863 649247 3794 7625453
1080656 3896 10408550 748045 3896 8836818
1321944 4342 12598681 685878 4342 7629906
1244549 4771 11967041 877133 4771 10074994
1247765 5552 11843867 649663 5552 7002438
1383013 5119 13229142 1129934 5119 13403849
1102410 5698 10437433 918394 5698 10660531
1315769 6921 12725016 907081 6921 9914322
1278458 3912 12293703 630654 3912 7283778
1000820 4194 9602841 707580 4194 8020140
1055431 4769 10057826 948467 4769 10893660
1180427 4960 11376906 893046 4960 9876537
1210287 4995 11671212 544627 4995 6218455
1321325 3119 12838997 443865 3119 5025414
1840410 5099 18378540 705092 5099 7853326
