3895427 33258 38062747 4324214 33258 44378184
4076190 34059 40737979 4732231 34059 48526671
3813771 33321 37825338 3948232 33321 40043824
3905495 34061 39054387 4381132 34061 44937673
3542759 32966 34500544 3682157 32966 37021994
4115342 32783 40668626 4039967 32783 41031158
4087745 32859 40664957 4223671 32859 42711146
3712008 33722 36734637 4074979 33722 41421166
3861546 32892 38499336 4651723 32892 47842661
4545401 33492 46054982 4223676 33492 43435286
4011884 33429 39770276 3992142 33429 40318609
3701441 33055 36614841 3607470 33055 36001971
4140677 33179 40793100 4553199 33179 46383544
4258998 33530 41775521 4073016 33530 41464156
3832998 34199 37940881 4059546 34199 41029653
3812136 33327 38034074 4330379 33327 44544409
4402675 33721 44017521 3927095 33721 39768559
4229216 32885 42207578 3809855 32885 38424885
4421581 32966 44503398 4565791 32966 47319987
4515727 33353 44806371 3826819 33353 38569619
3895124 33267 38314819 3240319 33267 32202646
