997580 18026 12311961 575159 18026 7046459
917760 17644 11009442 644119 17644 8027564
914707 18296 11116921 727517 18296 9025184
871292 15805 10614402 619825 15805 7956009
921502 18233 10999385 773298 18233 9854101
886239 19341 10763580 720712 19341 8851567
903545 15316 11042826 642294 15316 8309164
868761 18654 10347827 666079 18654 8259148
1137866 16844 14310695 702094 16844 8836256
895414 16542 10909847 657472 16542 8404126
875796 17716 10289006 655146 17716 8231441
908779 19114 11068374 754208 19114 9362181
901172 19412 10913970 718722 19412 8971120
924863 16242 11451323 598742 16242 7615470
861312 15965 10807188 583938 15965 7329799
880411 18419 10792347 585964 18419 7269514
989781 17398 12294329 694117 17398 8891180
1009403 17615 12548701 569063 17615 7059663
884445 18022 10840283 659538 18022 8282584
1038755 17293 13068434 618116 17293 7769044
1009108 16260 12413209 650382 16260 8295475
