171047 1342 1053014 96778 1342 519066
165882 650 790588 70251 650 385746
154606 806 907754 68227 806 372522
127742 805 792347 46872 805 385559
165459 1203 970838 94319 1203 631534
142767 1029 716767 76891 1029 415259
154753 942 723522 81031 942 452098
144846 608 699846 50116 608 251116
154479 1295 819926 60475 1295 508755
153404 916 820235 85577 916 576357
117460 1270 726959 93291 1270 530075
145935 917 936651 48899 917 269843
90699 582 693497 35702 582 196347
140421 743 765732 59587 743 477576
127229 890 977463 75671 890 468862
97686 724 742774 54915 724 350559
150051 533 738234 50918 533 257646
151940 1230 745589 113673 1230 667322
144925 882 840311 64352 882 448777
122621 1129 622224 65868 1129 415307
182783 875 955140 68473 875 398697
