1057271 16965 13850488 738469 16965 9692263
1035673 16034 13583476 814939 16034 10980201
1048922 16576 13723107 780700 16576 10479519
1017094 16118 13417567 765195 16118 10262213
1029510 16970 13419537 917571 16970 12512545
1014620 16508 13364882 733725 16508 9715576
1030249 17263 13528566 819020 17263 10786491
998227 17145 13127412 795423 17145 10599863
1036082 16509 13574366 788778 16509 10580319
1087809 16549 14278587 805602 16549 10878853
1029447 17402 13381874 757920 17402 10028855
1022479 16678 13517014 798849 16678 10706629
1010484 17783 13229100 799493 17783 10568043
1010132 15461 13304269 689975 15461 9125265
1002561 17070 13140242 699996 17070 9123758
1058446 16845 13937226 730282 16845 9590005
1114151 16282 14674065 841550 16282 11516866
1036975 17377 13561939 796556 17377 10627489
1051707 16808 13943305 863724 16808 11672761
905322 16364 11839902 716980 16364 9410438
1016610 17314 13344530 850848 17314 11409568
