969968 19055 12574319 803628 19055 10556443
942532 18350 12170517 752511 18350 9817749
983156 18880 12728019 787562 18880 10299998
947007 18100 12271514 801575 18100 10570994
1071103 18700 13917989 773749 18700 10057288
991154 18534 12875730 861504 18534 11458313
998661 19311 12939803 830535 19311 10936045
1017102 17839 13117867 758211 17839 9987156
1029707 19751 13291765 797767 19751 10375087
985001 18277 12749394 750549 18277 9851811
985008 18262 12690190 717615 18262 9281100
962793 19199 12369555 790103 19199 10281738
943357 18927 12203218 773932 18927 10121433
953152 18434 12285123 752107 18434 9821567
1006165 19581 12943765 749011 19581 9749053
1024126 18078 13126363 756225 18078 9938884
1021028 18415 13224782 853242 18415 11375938
1010059 18137 13146122 734122 18137 9538610
1004003 19192 13126651 756946 19192 9815561
1012221 17966 13082629 740514 17966 9670874
1032124 18751 13333722 791594 18751 10395245
