1773889 9833 17768909 1902328 9833 20698072
2104234 10091 21218086 2180028 10091 23981209
1782700 9190 17928428 1966542 9190 22088756
1793098 10438 18168860 1892627 10438 20268525
2032600 10188 20680764 1871821 10188 20463816
1884774 9608 19374571 2233244 9608 25006910
1851523 10374 18473013 1871153 10374 20395906
1860297 10012 18864823 1722231 10012 18732101
2079467 9422 21350164 2100147 9422 23567341
2190614 10649 22668173 2378092 10649 26172213
1818282 9673 18283064 1819079 9673 20255327
1950770 10393 19758541 1679298 10393 18468941
2124757 10879 21856016 2163618 10879 24826961
1778893 9563 17928189 1810475 9563 19885415
2107571 9513 21607884 1782666 9513 19149661
1853642 10134 18669690 1875925 10134 20075074
1957422 10618 19993922 2038460 10618 22386281
2232578 10594 23159407 2201761 10594 24493916
1836329 10160 18529266 2253378 10160 24210237
1832792 10546 18526585 2489768 10546 27727130
1865205 9501 19101929 1890396 9501 21022609
