2995872 23400 29386029 2907641 23400 29343794
3507251 22952 34782726 2978733 22952 30138506
3880441 22034 39075676 3106576 22034 31746613
4271134 27579 43228663 3640279 27579 37111850
3507709 21992 34975184 3558476 21992 36360049
3782721 23178 38592092 3096285 23178 31513258
4119547 25835 41731871 3163058 25835 31655874
3600648 24588 36185309 3365522 24588 34202793
3687933 22539 37119965 3238178 22539 32749661
3506590 24859 35345783 3014859 24859 30538929
3321659 21496 33407957 2924448 21496 29725718
3697777 24624 37521482 3574112 24624 36581249
3344219 25069 33524164 3194561 25069 32958272
3999367 26275 39887048 3373129 26275 33993013
3526453 25485 35181601 3106062 25485 31732227
3120285 24817 30701886 3553156 24817 35747203
3544739 24932 34829212 2932456 24932 29206677
3465337 23222 34955765 2892701 23222 29453123
3228968 25673 31884025 3258430 25673 32882947
3995250 25700 39936241 3732200 25700 37674680
3314074 23978 33092444 3259225 23978 33376522
