5114591 14309 52541777 1728178 14309 19450072
5355824 13695 55509219 1608268 13695 18587323
5516655 13305 56484631 1601062 13305 18156316
5391291 13176 55008764 1498569 13176 16722180
5422020 14588 54086359 1700045 14588 19334401
5042357 14487 52538681 1726878 14487 19744936
5362317 16277 56407383 1987276 16277 22770739
5198965 16293 53639525 1930617 16293 21385292
5451931 16994 55880590 2199612 16994 24882496
5295849 13149 54593699 1351999 13149 15162488
5177210 14855 53292057 1713719 14855 19486966
5195375 14151 53482272 1617393 14151 18407670
5502442 15617 56344420 1746903 15617 19651003
4938808 15497 50030782 2015175 15497 22739575
5124125 13575 53094275 1507297 13575 17076580
5049492 15471 52701578 1796255 15471 20408041
5329515 15405 55874790 1736533 15405 19870013
5419581 14407 55772774 1711538 14407 19470159
5232785 13961 54465034 1588435 13961 18137067
4672782 12418 47919192 1355104 12418 15610581
5363131 14340 55195041 1571793 14340 17810677
