660584 9122 8935054 440069 9122 6094624
685194 10421 9295440 513700 10421 6979247
683153 11397 9183403 632858 11397 8847766
909176 10491 12474316 526366 10491 7209417
847414 12835 11543804 633611 12835 8627383
777339 11626 10540190 585460 11626 7942121
776329 10680 10482616 511830 10680 6953893
826897 13651 11102910 659936 13651 8860164
776306 11594 10450376 584420 11594 7917912
704319 12008 9461905 604077 12008 8087334
927214 15841 12438066 710443 15841 9452601
771944 13218 10434131 638079 13218 8594738
807572 11293 10948653 543668 11293 7341762
701638 11062 9382645 604678 11062 8354039
721845 11207 9738309 529169 11207 7169746
722971 12540 9679011 554275 12540 7358283
650395 8448 8841156 416616 8448 5684819
920285 12064 12445347 618478 12064 8341773
794272 13901 10602523 702764 13901 9576237
754525 10948 10245207 550267 10948 7441003
669669 9965 8961008 588924 9965 8333902
