4231279 33901 41556647 3598675 33901 35966061
3843782 33957 37290588 3830410 33957 38979621
3530896 33138 34732772 3921035 33138 39739467
4095695 34642 40327006 4002085 34642 39808792
3855227 34307 37914844 4668303 34307 47802187
5350822 34573 53323798 4760789 34573 48445566
3917224 34361 38818822 3894086 34361 39550346
4163730 33617 41153475 3892005 33617 39898686
4361079 33507 42720813 4052586 33507 41723391
4058759 34148 40168623 3855400 34148 38852475
4397922 34017 43369277 3719669 34017 37610299
4011619 34119 39707848 4356671 34119 44151759
4188069 34124 41345579 3844684 34124 38899604
4443705 34843 42922449 3817559 34843 38335454
4059912 33232 40479321 4417471 33232 44952245
4096797 33703 40513031 3819681 33703 39135637
5273517 34610 52159625 3735014 34610 37713263
4129666 34827 40725866 4502931 34827 45917516
4202289 34700 41311377 3718150 34700 37118547
3433850 34058 33212060 3862849 34058 39059275
4074473 33479 40317652 4204340 33479 43143763
