158685 4534 2611617 132838 4534 2238230
150414 4115 2456111 126464 4115 2153127
157189 4590 2590666 134968 4590 2332883
156955 4603 2576987 128738 4603 2170997
155732 4353 2544855 130376 4353 2226648
158368 4365 2600148 118682 4365 1999052
254147 4426 2757091 154440 4426 2262836
189156 4040 2804786 141027 4040 2159415
185655 4586 3029288 139214 4586 2404976
156865 4698 2561958 125321 4698 2087844
157598 4398 2561445 131241 4398 2280261
149481 4490 2436020 124214 4490 2081977
158799 4768 2605665 123841 4768 2065789
150187 4531 2455055 135662 4531 2326906
155799 4509 2523515 124188 4509 2114711
164557 4947 2716065 151365 4947 2554747
154289 4506 2513098 129303 4506 2166856
159489 4515 2615488 136514 4515 2328825
150649 4342 2462729 124407 4342 2096191
161095 4645 2654072 133167 4645 2218917
229288 4363 2624616 133490 4363 2214567
