77811 8111 1210615 75715 8111 1216534
66983 6091 1111460 63924 6091 1091629
66986 6119 1097028 66271 6119 1148037
115174 7128 1177247 98317 7128 1236432
84452 5714 1037277 105740 5714 1162476
72817 4970 1029453 66275 4970 1018549
80406 6631 1147723 77712 6631 1168784
65807 4983 1006729 64703 4983 1017974
61600 4868 951791 61305 4868 978260
71429 6978 1133612 70584 6978 1181179
59779 5341 1008983 60735 5341 1078567
66009 6297 1084418 68842 6297 1172800
66250 6312 1084558 64710 6312 1098757
59040 5233 1001170 61372 5233 1115698
70757 6905 1150136 66234 6905 1097432
68895 6390 1108730 67848 6390 1144510
66638 6344 1098358 69480 6344 1191270
74403 7375 1173525 77034 7375 1223567
69290 6430 1131316 63501 6430 1076548
62733 5678 1052685 60477 5678 1054983
64721 6120 1064454 65661 6120 1124917
