62185 3542 1135964 55264 3542 1100244
63601 3733 1156348 55679 3733 1096387
62087 3536 1110907 56688 3536 1117028
61169 3599 1098742 55748 3599 1111467
62136 3747 1119276 55380 3747 1082081
62024 3624 1117809 54999 3624 1076814
61996 3741 1114218 54200 3741 1055420
61997 3774 1099911 55053 3774 1079904
63117 3641 1145523 52526 3641 1020780
65137 3765 1197198 56204 3765 1097834
62745 3510 1106429 53717 3510 1041276
63215 3766 1131396 60496 3766 1198473
61546 3666 1120555 54621 3666 1071502
60942 3476 1095815 52991 3476 1061147
61460 3452 1124514 52373 3452 1022943
61741 3616 1114854 54827 3616 1066060
63312 3695 1162410 57550 3695 1123788
61539 3670 1110307 54849 3670 1078639
63433 3673 1140743 55016 3673 1082513
63907 4173 1148523 57233 4173 1101842
62524 3529 1137078 56024 3529 1111896
