293572 15280 4221513 249281 15280 3519417
262272 14647 3724030 284783 14647 4247271
249840 12809 3686818 239708 12809 3477262
268041 14605 3859476 299157 14605 4524142
276543 15684 3892765 269295 15684 3794268
291826 14858 4276763 252931 14858 3603701
265369 14829 3697898 283710 14829 4147213
267176 13605 3902068 255191 13605 3727884
273105 14254 3989470 254191 14254 3655837
276166 13953 4050693 242302 13953 3499043
250787 14413 3504501 235012 14413 3300356
313788 16711 4464847 279477 16711 3831819
255865 12757 3770645 248664 12757 3660327
278371 14545 4086162 250264 14545 3595000
258912 14621 3684513 261263 14621 3756755
253039 13275 3678264 232213 13275 3343374
261268 14314 3736488 246756 14314 3586709
257407 14310 3641557 287419 14310 4271662
246818 13626 3520852 274511 13626 4142323
267155 14457 3910491 246526 14457 3450805
269407 14241 3926729 253202 14241 3676958
