120982 4334 1928495 104046 4334 1736100
129027 5047 2008307 115164 5047 1873634
133550 5408 2044709 108012 5408 1731369
133650 5733 1969385 122085 5733 1893228
116501 4604 1808646 100247 4604 1626126
120601 5026 1860002 108631 5026 1749253
137393 5752 2062261 116173 5752 1845433
139162 6766 2056164 130393 6766 1898963
120854 4647 1894819 101426 4647 1672350
113909 4011 1809662 98967 4011 1677902
129216 5625 1967496 114123 5625 1812243
115843 4488 1841529 98667 4488 1630197
137801 6315 2060323 122834 6315 1916507
128753 5232 1956588 112382 5232 1815902
108120 3584 1725028 96295 3584 1675295
125400 4604 1928764 103241 4604 1679238
127440 5050 1935335 115802 5050 1923928
121865 4654 1890829 109392 4654 1789140
129978 5201 1996340 113702 5201 1855931
131331 5330 1982096 110649 5330 1764071
124951 5141 1862858 107271 5141 1666159
