92406 9658 1361465 94758 9658 1488404
106075 10771 1537351 100537 10771 1525595
109786 11325 1577281 100393 11325 1506489
99513 10354 1477030 110235 10354 1630567
96881 9958 1443903 104354 9958 1483271
105660 10393 1546196 98137 10393 1511160
105967 10812 1527147 103749 10812 1594161
111471 10908 1660387 106066 10908 1568182
97498 10244 1435503 96044 10244 1437540
96530 10279 1434171 100249 10279 1534490
104745 9772 1544710 102562 9772 1580223
102396 10273 1499322 100255 10273 1490793
97114 9752 1458116 98340 9752 1549144
100507 10652 1478262 103325 10652 1572196
104389 10841 1500055 101039 10841 1515635
100915 9913 1481202 95878 9913 1438705
98215 9955 1460106 99244 9955 1563854
104089 10699 1504758 99575 10699 1521384
110464 11436 1570573 108553 11436 1631770
99396 10257 1479006 102053 10257 1542082
101707 10577 1512507 106276 10577 1584748
