231576 6882 3693834 173099 6882 2755216
225327 6535 3547429 161646 6535 2540775
226195 6657 3583376 182380 6657 2967280
293377 7087 3549431 168311 7087 2640147
230556 7280 3617328 181356 7280 2857270
239449 7276 3791750 175949 7276 2774337
223603 6858 3491801 181821 6858 2936167
228875 7256 3614921 196097 7256 3179714
248027 7139 3916247 185843 7139 2966235
227846 7191 3541891 178892 7191 2863644
223838 7245 3480032 187308 7245 2962408
235103 6867 3699169 185340 6867 3069246
240232 6455 3776346 162036 6455 2612813
242345 6739 3829319 175581 6739 2829895
227936 6980 3575802 168719 6980 2676107
234251 7401 3705358 196006 7401 3130356
222915 7032 3489507 186699 7032 2973952
225782 6845 3543296 174808 6845 2841455
225906 7205 3521197 183434 7205 2916085
222739 7042 3491220 176686 7042 2825642
213894 6725 3306185 168150 6725 2705238
