56955 4704 994893 54379 4704 977350
57393 4653 990395 57248 4653 1013673
66630 5262 1091464 59927 5262 1058615
70094 6097 1134786 65649 6097 1122214
52152 3607 940303 49737 3607 938874
55262 4068 972242 54951 4068 1032767
65251 5356 1099481 61328 5356 1076545
56607 4441 980701 55840 4441 1007304
49632 3277 936595 48212 3277 920676
50185 3317 916873 46062 3317 880689
55061 3985 958247 50702 3985 943305
61325 4848 1066450 59262 4848 1072286
61934 5176 1033888 60118 5176 1066855
55128 4528 971685 53661 4528 953573
64366 5535 1065050 62912 5535 1075196
54628 4213 978365 51867 4213 956017
67054 6069 1096182 65693 6069 1136003
50132 3617 907536 49963 3617 937896
68038 5328 1107551 62887 5328 1115134
54132 4308 956109 52151 4308 948278
62537 5571 1058710 60853 5571 1050787
