196424 6677 3001015 155318 6677 2448986
196541 6695 3004912 150577 6695 2330470
208435 6970 3203041 155427 6970 2400398
184723 6562 2805388 149266 6562 2337883
192955 6791 2930203 153849 6791 2420442
203044 6792 3122774 143668 6792 2240038
207161 7512 3174107 176369 7512 2762311
172157 6209 2653211 142044 6209 2226804
191590 7337 2899006 150107 7337 2280771
196762 7384 3097367 163544 7384 2525009
178923 6257 2823012 140849 6257 2208940
201531 7251 3086073 152668 7251 2357790
186588 5947 2968700 129771 5947 2094556
206046 7957 3084911 171241 7957 2645724
170918 5830 2734887 143732 5830 2356161
193846 7283 3006211 157041 7283 2447819
214033 7518 3288389 149896 7518 2311314
197812 8296 2960320 190324 8296 2949556
196820 7298 3000592 158575 7298 2403385
215115 6972 3350490 145179 6972 2234437
166617 5750 2633118 136511 5750 2225384
