56898 2315 1049141 45503 2315 935137
57360 2227 1060129 43699 2227 886658
55231 2196 1023776 43973 2196 919689
54607 1815 1004880 40252 1815 842424
55780 1856 1039121 43302 1856 936893
54634 2061 1020040 42980 2061 902994
56993 2153 1051395 44382 2153 915147
56279 2145 1049762 43428 2145 904227
59006 2353 1134407 46706 2353 951538
57755 2205 1075391 45570 2205 947282
55621 2012 1021191 42518 2012 892216
56962 2031 1053909 42016 2031 872842
57307 1912 1058619 43260 1912 932416
57095 2206 1048106 46415 2206 962420
55561 2169 1035175 43043 2169 898200
55368 2229 1033580 46005 2229 952518
56161 2057 1037026 42978 2057 892077
57062 2264 1044659 48331 2264 969444
56311 2264 1047108 44748 2264 926602
57049 2075 1053909 44108 2075 930951
56181 2070 1035887 44412 2070 931925
