4336038 29929 43859187 3689810 29929 37770020
3985552 31147 39718452 4374442 31147 45186150
4399429 30217 44066382 4295616 30217 44263739
4624698 31323 46819485 4272044 31323 44287739
4268871 27731 42971377 3893687 27731 40659870
3633795 30420 36092201 4269196 30420 44064574
3588072 30105 35286413 3881259 30105 39551606
4045129 30115 41066533 3657084 30115 37466932
4186371 30909 42160554 3600068 30909 36895560
3493728 28914 34849440 3862730 28914 39558040
4108550 29176 41606052 3615743 29176 37279823
4137743 28296 41671738 3539523 28296 35939183
3579326 28754 35814557 3454109 28754 35285046
4302074 29348 43028533 3786887 29348 38824508
3783980 30662 38110114 3761716 30662 38439098
4666338 29654 48330639 3776200 29654 38602072
4244479 29758 42406229 3511638 29758 36050511
3530800 31032 35178711 3721467 31032 38073769
4124767 28174 41514456 3409947 28174 34741050
3660070 29098 36713941 3955617 29098 40439763
3957229 28765 39924523 3777448 28765 39004614
