165958 3195 2815019 110595 3195 1992324
174491 3255 2959496 119690 3255 2178290
241217 3198 2756813 141093 3198 2091788
190457 3354 2899316 142059 3354 2243908
169158 3303 2687754 118036 3303 2154144
162978 3114 2759131 125695 3114 2284162
183980 3605 3134416 113225 3605 2031141
184458 3198 3184385 128914 3198 2364818
154651 3395 2625363 128114 3395 2384736
180435 3569 3076489 120800 3569 2144563
177026 3607 3029058 123569 3607 2237580
177030 3567 3030247 130376 3567 2363506
164317 3593 2815014 128391 3593 2265530
170632 3554 2889991 132814 3554 2431920
181086 3057 3092950 113069 3057 2072941
175134 3138 3008790 120100 3138 2203847
249088 3119 2798511 121705 3119 2183832
182681 3222 3101601 138329 3222 2554854
178844 3377 3015058 126311 3377 2304754
169218 3784 2890344 145988 3784 2688211
153039 2898 2565857 123953 2898 2297631
