796213 10695 10477411 581850 10695 7860619
721619 11208 9594730 716523 11208 10013204
818145 12036 10448253 780853 12036 9353998
860308 12122 9347178 661119 12122 8880501
734931 11660 9665857 713434 11660 9445871
798205 11092 10127775 604974 11092 7800278
826155 11283 10440720 692943 11283 8963399
779385 10910 9843041 642414 10910 8310146
743954 11630 9366918 825325 11630 10501993
809571 11979 10170841 634567 11979 8048137
898468 11808 11323205 867335 11808 11363962
830320 11682 10458499 838749 11682 11141673
811876 12305 10082188 719028 12305 9468367
876717 11408 10999004 692423 11408 9194969
763610 11133 9955398 647410 11133 8577244
781126 11825 10267112 676430 11825 9169117
778071 11660 10191780 654315 11660 8875334
738106 11790 9689383 668268 11790 9015140
851849 10574 11285038 634646 10574 8648316
751324 11564 9803062 559862 11564 7413671
722552 11104 9418405 661746 11104 8980004
