3554473 35598 33790505 3515850 35598 33230815
3719509 34941 35845623 3727621 34941 35223015
3430424 33808 32897786 3408279 33808 32107810
3809770 35043 36735949 3539516 35043 33309824
3059240 33100 29162467 2906820 33100 27674521
3672991 35300 35239120 3130587 35300 30408385
3834760 31295 37067380 3724918 31295 35231234
3731171 36168 35645512 4429868 36168 40864337
3736043 34606 35920641 3969651 34606 37324658
3547806 34337 34136709 3735295 34337 35925257
4099837 35392 39198517 3688071 35392 34553079
3230587 35052 30966177 3867051 35052 36168387
3747454 36164 35601633 3654852 36164 34208386
3601662 35039 34656910 2726578 35039 25703297
4135349 35972 39790802 3706447 35972 34901650
3357352 33410 32238113 2817689 33410 26788643
3818809 34981 36992014 3377648 34981 31639471
3771151 34850 36026646 4079989 34850 37884617
3366259 34030 31878439 3583128 34030 33795289
3607119 29223 34647823 3533437 29223 32950890
3681107 35350 35227787 2885931 35350 27198042
