5903822 31813 58136951 4032953 31813 40891993
6067786 31214 60776462 4735034 31214 48597197
5438723 31472 53754188 4362596 31472 44886019
6255837 32393 62310879 4217608 32393 43996285
5786909 31811 56538624 4264465 31811 43054353
6706973 32574 67623979 4619362 32574 47931826
5344207 31649 52274488 4337967 31649 43403976
6476207 29579 65875362 4876606 29579 50677677
5851908 33043 58678613 4331376 33043 44187164
5002622 31274 49783027 4579054 31274 47486165
5220884 31933 51765175 4386803 31933 44408097
5429886 30902 54280154 3901237 30902 39955249
5712620 30054 57350681 4214599 30054 43040470
5162275 32997 51762860 4691359 32997 48414427
5577891 31392 54888845 3739725 31392 37410786
5193791 31656 51276649 4806653 31656 49075092
6277978 32992 62679587 4745368 32992 48054023
5765670 32448 56293821 3943800 32448 40040829
5247055 31829 51766489 4167407 31829 42746582
5579257 32486 55910991 4254782 32486 42827295
5951526 31893 60265215 4444333 31893 46218899
