103165 4058 1503029 78090 4058 1211195
101376 4581 1462334 72857 4581 1085999
104052 4324 1504400 74077 4324 1126776
105510 4377 1511486 76883 4377 1162193
101796 4474 1452555 77397 4474 1178538
94933 4329 1351713 76405 4329 1159806
102931 3913 1511735 72297 3913 1121555
101307 4249 1426275 84343 4249 1320388
98032 4161 1395481 71727 4161 1118121
102464 4164 1491984 70075 4164 1074686
102562 4081 1456973 69325 4081 1063243
98219 4274 1408801 71905 4274 1102387
101209 4330 1475517 75483 4330 1162265
103389 4019 1493015 72021 4019 1125742
133750 4145 1393257 85482 4145 1136317
120158 4070 1570313 84808 4070 1153524
116754 3917 1493524 82867 3917 1152397
115355 3983 1568145 71576 3983 1105610
101435 3730 1492412 69745 3730 1085754
106619 4044 1597420 74344 4044 1105727
103970 4503 1489073 76816 4503 1162223
