862114 20628 11037750 839131 20628 10714065
1037345 21471 13502105 744883 21471 9388292
945854 21184 12236078 780242 21184 9902491
876053 19805 11274677 767295 19805 9875626
862027 21018 10890949 779528 21018 9950531
914496 20948 11747056 1031219 20948 13650172
908078 19281 11704981 765578 19281 9912922
942693 20692 12043063 750656 20692 9581364
899895 21107 11441704 764274 21107 9697225
847273 20264 10723599 744259 20264 9463917
883023 20407 11322062 831906 20407 10690781
830742 20637 10472753 753817 20637 9584942
974404 20587 12477959 752955 20587 9652908
941580 20690 12036881 835372 20690 10795360
875841 22252 11232021 877712 22252 11240460
901820 20189 11539239 857228 20189 11208693
904342 22036 11520800 807311 22036 10175597
867192 21731 10911534 868215 21731 11148466
877525 19421 11352304 709316 19421 9070631
885514 20448 11376854 854993 20448 11168907
845258 20691 10758637 759615 20691 9648258
