92369 2155 1568864 71703 2155 1320827
89311 2162 1521609 75681 2162 1354410
81873 1824 1431517 64609 1824 1210911
84110 1648 1478909 66942 1648 1243266
91988 2332 1562576 78891 2332 1437500
89029 2066 1491477 68926 2066 1275669
96505 2463 1614678 72881 2463 1306563
89385 1733 1525124 61674 1733 1163651
110410 3311 1794830 80148 3311 1372095
84869 1658 1478604 62405 1658 1172763
100196 2481 1696243 76975 2481 1397353
91239 2072 1570911 78881 2072 1478523
99213 2920 1659079 79257 2920 1353086
84252 1640 1460305 63877 1640 1213135
97190 2697 1647211 78717 2697 1405292
88453 1994 1554618 70795 1994 1336000
79163 1520 1402858 65430 1520 1275388
108915 3397 1747983 88335 3397 1505437
98543 2909 1629549 80623 2909 1367545
98818 2403 1674082 71939 2403 1300268
112162 3839 1813832 104814 3839 1830379
