127576 4176 2412352 71124 4176 1318878
123245 4225 2268614 73882 4225 1401996
123607 4502 2269669 90368 4502 1772319
123930 4445 2407814 73584 4445 1361772
132757 4475 2513771 76416 4475 1445474
125329 4566 2318129 76897 4566 1438115
144565 4494 2827995 72437 4494 1343555
125017 4155 2397542 71411 4155 1366328
136555 4303 2622215 72396 4303 1359319
127969 4544 2382059 81947 4544 1507650
152956 4153 2993092 72919 4153 1405571
118713 4358 2229934 79636 4358 1490643
125606 4315 2307200 77450 4315 1469838
117262 4142 2188904 72143 4142 1335419
127674 4512 2377722 70786 4512 1321082
128007 4537 2392722 75571 4537 1401166
129140 3979 2469824 72344 3979 1386498
111536 4166 2048182 70162 4166 1303448
156042 4137 2976795 71727 4137 1282989
142899 4350 2783030 75143 4350 1415174
146903 4753 2777420 72885 4753 1348628
