906103 15565 11880566 686150 15565 9005879
903400 14975 11833644 661025 14975 8706805
883590 17955 11380573 803371 17955 10514367
921254 15174 12078625 638384 15174 8424815
1029109 16515 13516698 824525 16515 10994022
951215 16790 12347410 703372 16790 9257293
834422 14639 10831905 612103 14639 8069022
974651 16090 12794525 736455 16090 9825843
872273 14864 11398810 634845 14864 8392517
1053434 16889 13755581 746000 16889 9844140
926858 16161 12174251 703909 16161 9331509
959311 15525 12505439 720251 15525 9643045
980141 17851 12792913 795417 17851 10485076
902864 15131 11715782 666061 15131 8947122
986150 13928 12962635 574038 13928 7599985
943323 14704 12433848 629727 14704 8335052
825985 14560 10770273 654934 14560 8748048
895905 15472 11731666 671096 15472 8790485
826940 16061 10599197 651028 16061 8512906
946422 15068 12350955 663680 15068 8726188
867075 16114 11239268 753890 16114 10006769
