149438 588 2557843 36920 588 750434
168904 393 2904221 31857 393 670646
143725 508 2428391 37288 508 783415
201699 1314 2594924 54124 1314 1068204
153319 1115 2549296 42701 1115 828457
147363 568 2518919 33082 568 679526
186299 723 3272208 38504 723 792213
142120 633 2467591 38542 633 777813
165594 616 2773672 31977 616 651129
163089 955 2818492 42882 955 855103
144986 945 2436813 47851 945 943160
140140 494 2323158 34889 494 730283
147023 786 2441902 47422 786 1000589
146752 642 2477584 38998 642 816802
150670 608 2489704 40033 608 806292
175325 458 3074974 30210 458 613920
151842 804 2583204 44256 804 894076
144156 549 2458604 40354 549 856647
143540 601 2435725 37251 601 763052
168939 1197 2908237 51044 1197 998337
151927 647 2553910 34430 647 710327
