9586138 19914 106924233 8075851 19914 90649907
9623127 18809 106257786 7737995 18809 87052110
10872761 18621 121171732 7602126 18621 86816776
10645588 19858 119090430 8105795 19858 91727912
10156317 19785 111820914 7986090 19785 89812286
10653586 19378 118322679 7826511 19378 87300857
10384551 19617 115758433 7926714 19617 89185210
9969971 18706 111754531 8253958 18706 93947163
9344775 19916 105236516 8613052 19916 96740403
10437701 18417 117725055 6681879 18417 75681348
10249416 19351 114862008 8420254 19351 95493765
10147682 17715 112201884 6895705 17715 78053211
10145993 19695 113143536 7865734 19695 88038253
10152887 18714 111486782 6911082 18714 78479422
11636484 17573 127401195 6826479 17573 77572214
10338843 19987 115047652 8751935 19987 98333086
10080161 18439 111135270 7682289 18439 86380565
9895517 19682 110062907 8595439 19682 96817207
10667729 19726 118946529 7555266 19726 84521389
10809111 19011 120833466 7500198 19011 84214883
10301701 18630 115540035 7966066 18630 89830481
