56771 3046 1040537 53286 3046 1050711
56273 2791 1050517 52551 2791 1064471
46123 1699 903676 43764 1699 916352
46941 1938 914099 43310 1938 913546
48151 1845 944516 42380 1845 899317
52709 2385 1003494 55067 2385 1041683
61133 2836 1091729 51892 2836 1026621
52367 2527 978317 49647 2527 975662
60698 2977 1081743 53986 2977 1079919
50747 2135 969990 47538 2135 989492
43724 1612 890364 42615 1612 885240
55813 2808 1016397 51751 2808 1036137
56632 2618 1027095 48548 2618 955571
59476 3109 1065982 58127 3109 1118365
57073 2707 1041486 49868 2707 1001920
50404 2227 966368 50805 2227 1027950
56483 2731 1033522 55689 2731 1100446
56389 2427 991429 47365 2427 943851
57778 2830 1053183 53366 2830 1020467
59954 3253 1077188 56237 3253 1097759
53859 2539 1009771 47819 2539 969279
