252005 9597 3794454 202805 9597 3112393
249834 10577 3796924 204223 10577 3050198
235277 9862 3535349 199060 9862 3003741
259839 9870 3971468 184974 9870 2776741
239135 9926 3628152 186486 9926 2796585
236664 10315 3557178 185061 10315 2746164
230015 10139 3444081 191916 10139 2871322
243193 10125 3697215 189647 10125 2836253
232032 9626 3528298 200838 9626 3107074
256498 10772 3846899 198272 10772 2961916
242995 9755 3676676 203302 9755 3091932
223156 9925 3348155 205362 9925 3128938
326359 9884 3697459 182857 9884 2731152
243585 9764 3683213 188750 9764 2868329
241822 9697 3685952 186628 9697 2827609
229934 9921 3459340 190881 9921 2891223
292827 9637 4561450 183950 9637 2777493
238120 10055 3620295 193056 10055 2904783
251905 10059 3850123 200299 10059 3043642
241643 10100 3676777 189842 10100 2838221
241255 9613 3652412 185822 9613 2838977
