3852227 28528 38357888 2640044 28528 26287808
4202224 27902 42087091 3254734 27902 33016732
4143165 29489 41644928 2665011 29489 26624156
4209869 28822 42451458 3262912 28822 33337883
4217275 28362 42562174 2775449 28362 27937921
4506782 29679 45542140 3006053 29679 29917548
4029499 28517 40080793 2933977 28517 29117704
4128794 29030 41237733 3179976 29030 31874454
3991972 28832 40208311 3283040 28832 33174838
4063491 29107 40529213 3075211 29107 31119775
4154694 28938 41506834 2978447 28938 29690623
3922051 28863 39053686 2848439 28863 28592011
4096871 28912 41193983 3068088 28912 30960215
4135618 28286 41557656 2955053 28286 29621620
4182069 29295 41878702 3126333 29295 31320075
3919384 29426 39387876 2833125 29426 28053682
3893289 29254 39330550 2932674 29254 29420323
3596879 28911 35011179 3221410 28911 32332705
4214089 29460 42292884 3415931 29460 34575646
4387833 28981 44309915 3003063 28981 30239751
3671224 29325 36390664 2975609 29325 29789962
