945509 23263 11387178 785150 23263 9524833
1076951 22537 13193225 688907 22537 8244637
958043 23597 11552604 677560 23597 7925531
948327 22689 11462564 726641 22689 8653057
1024994 23437 12476295 800704 23437 9778977
1062993 23263 12978212 701845 23263 8265007
1089622 23126 13441067 777650 23126 9384986
846950 22856 10051921 683753 22856 8123551
1009969 23302 12321753 728150 23302 8675355
1046713 23605 12836477 754490 23605 8968348
1077357 23650 13357435 812763 23650 9887936
937096 23662 11136544 741011 23662 8828808
1042638 23722 12720744 719399 23722 8649599
1113901 23575 13697733 862339 23575 10478536
1006190 23695 12234509 704080 23695 8317772
1002319 23213 12104698 729462 23213 8716133
1060066 22713 13056920 714148 22713 8566906
977454 23529 11883060 659157 23529 7713865
1065246 22670 13145970 841487 22670 10256460
966586 22261 11652491 697134 22261 8390247
921346 23438 11071261 669617 23438 7798466
