4151599 34156 39966652 3422427 34156 33744392
3529384 33617 33467135 3420910 33617 33646039
3262817 34208 31253029 3623070 34208 36368912
3320864 33962 31966346 3424558 33962 33569645
3609968 33748 34253948 3330423 33748 32958007
3654375 33815 35375177 3787815 33815 37633453
3420991 34109 32966098 4202385 34109 42446016
4122164 33983 40694474 3706608 33983 37341428
3305744 34314 31814080 3882032 34314 38720687
2812899 34086 26393136 3629577 34086 36252612
3476748 33604 33445842 3681694 33604 36862044
4070060 33926 39297428 3403252 33926 33414522
3203598 33809 30696027 3571672 33809 35134060
3113046 33997 29502307 3105631 33997 30243250
3262538 34161 30624314 3516835 34161 34876659
3591403 33803 34694550 4401446 33803 44188276
3420127 34097 32817876 3500729 34097 34796040
3734999 33940 35226010 3718334 33940 36592189
3542819 34272 33693960 3312717 34272 32226750
3904617 33651 37622974 4176189 33651 42255893
3491081 33673 33117438 3708097 33673 36910258
