184221 5056 3009983 130047 5056 2163590
183458 5081 2973418 134522 5081 2238401
198473 6040 3226980 152332 6040 2431680
168539 4368 2788684 138563 4368 2388683
187890 5431 3053578 140997 5431 2289077
162073 4236 2663986 128405 4236 2143331
172213 5309 2784921 149837 5309 2459696
174277 4286 2915226 125691 4286 2103795
199180 5443 3270380 140851 5443 2275612
178239 4699 2948026 147280 4699 2485735
169089 4226 2792324 132998 4226 2266973
160350 4685 2626530 132817 4685 2234995
169151 4520 2772058 133700 4520 2247219
149131 3814 2467838 126360 3814 2153152
178586 4684 2938328 145979 4684 2468020
182356 5016 2996217 142959 5016 2360175
191202 4854 3177030 150945 4854 2518730
189126 4716 2835611 142835 4716 2439012
176983 4927 2956653 138703 4927 2247158
188359 4727 2997011 132932 4727 2115287
194012 5173 3048696 158208 5173 2464082
