33958 667 706571 31699 667 757858
33323 646 702956 27939 646 644463
57676 709 729010 46987 709 687660
50295 633 752519 35107 633 653694
36257 681 727815 28437 681 654628
34254 721 720994 29501 721 668246
33485 617 719633 29767 617 702177
33478 602 720228 28701 602 670853
32751 586 690492 27731 586 648558
35116 707 724805 28978 707 675755
32135 556 687300 27559 556 641880
31521 530 659155 26928 530 624755
36824 637 776698 28418 637 665894
34321 506 731738 26601 506 639754
33578 642 712254 28042 642 652463
33786 570 724112 27442 570 632091
34920 640 739917 26527 640 610011
34605 692 720589 27517 692 631393
35567 685 748318 31833 685 733723
34941 708 724123 29055 708 673929
33327 578 703215 28454 578 671645
