176768 7364 2719968 148522 7364 2311442
165978 6663 2568083 147957 6663 2337811
172250 7053 2594188 154567 7053 2394405
166439 6926 2578473 153692 6926 2405866
160338 6319 2488630 147716 6319 2367548
233272 7213 2606158 149874 7213 2299995
168382 7021 2584195 158335 7021 2480739
163162 6393 2480682 165789 6393 2659726
164344 6024 2583267 136612 6024 2200679
164065 6436 2544466 145850 6436 2313696
173173 7261 2628165 159442 7261 2492575
155553 6345 2408635 148327 6345 2345036
163597 6576 2489752 146530 6576 2273929
162304 6076 2524313 144374 6076 2325054
163684 6366 2560249 144793 6366 2284454
168173 6727 2562360 156722 6727 2382885
160052 6093 2500963 138881 6093 2227457
169653 7005 2605311 157079 7005 2491628
174640 6714 2679581 162977 6714 2615970
228282 6214 2500514 144506 6214 2283988
165445 6478 2540915 141961 6478 2232216
