496273 14610 7390442 292217 14610 4186033
544844 15166 8072573 307018 15166 4425148
745475 14962 11538076 281926 14962 3926125
587606 14961 8975572 308025 14961 4398128
537203 14443 8196699 273938 14443 4034867
558691 14421 8583978 281576 14421 4030745
532233 14947 8096254 301646 14947 4375515
705564 14444 11064941 278054 14444 4008851
572976 14724 8762191 349688 14724 5292549
701678 14578 10969433 323494 14578 4603560
555899 14874 8547458 331479 14874 5054232
538565 14429 8028593 299414 14429 4460297
633987 14943 9907964 313598 14943 4640187
698108 14831 10923537 310395 14831 4576532
625489 14810 9706210 336925 14810 5088636
577015 14742 8832199 294984 14742 4350779
688756 14239 10792591 314889 14239 4703413
644276 14974 10097584 290043 14974 4213539
592424 15117 9100384 270835 15117 3888992
633792 15316 9848724 330438 15316 4889638
599092 14428 9234639 336800 14428 5087030
