46310 164 991261 15005 164 366251
51046 155 1128154 15829 155 397950
40999 714 858451 20785 714 478279
44916 674 947281 20565 674 492308
46886 391 1005932 18809 391 438499
46178 135 987988 14496 135 365017
42825 470 926491 17805 470 422045
53117 119 1169313 13175 119 326472
47570 401 1043706 17069 401 403350
46702 859 1006139 25785 859 616748
49354 767 1050302 19910 767 445844
43136 441 895056 16576 441 377530
48799 811 1044858 21690 811 502497
47571 843 1002211 20206 843 458401
39063 782 793592 22048 782 495013
46998 593 1004385 17950 593 416946
52539 222 1153777 15941 222 390919
48235 114 1044987 13684 114 346279
42303 149 903100 20211 149 522067
42865 407 918078 20898 407 503902
49619 146 1100707 14020 146 339104
