745777 18951 9082162 637918 18951 7888130
685901 18873 8362818 657976 18873 8187910
830602 18637 10386884 619499 18637 7605778
793067 19534 9805865 660583 19534 8233101
716626 19606 8738292 630727 19606 7773549
764567 19192 9456264 640696 19192 7916380
741259 18589 9149744 583361 18589 7169673
712686 19055 8682587 608474 19055 7468129
795493 19738 9793370 632341 19738 7808561
744188 19389 9136369 634659 19389 7754415
803351 18632 10049873 633678 18632 7843328
741078 19180 9099600 599171 19180 7344028
760039 19258 9275245 652995 19258 8157704
846467 19034 10652328 653079 19034 8152264
788713 18836 9838070 705460 18836 8892177
773868 20170 9409205 662564 20170 7995593
800842 18774 9977446 630555 18774 7864496
785222 19317 9684729 684181 19317 8598954
728140 19352 8828407 645740 19352 8078289
741190 18688 9118639 634435 18688 7932044
723697 18603 8913694 610716 18603 7573347
