59859 3389 1047472 51218 3389 956669
63638 3723 1124663 57946 3723 1051179
61068 3860 1083210 57539 3860 1088335
59051 3510 1021540 54167 3510 1041081
58324 3714 1018459 57457 3714 998597
63579 3669 1078227 55330 3669 1018283
56807 3672 1003007 54205 3672 1015605
54507 3109 1017434 51086 3109 950466
60029 3587 1030673 56655 3587 1020941
55849 3319 980171 53996 3319 1042947
64163 4344 1108655 63924 4344 1153870
56012 3188 1004405 52132 3188 1007406
52201 3020 965002 52761 3020 1002096
62634 3797 1078261 56164 3797 1045475
64352 4160 1124108 62004 4160 1086708
64266 3869 1109445 58410 3869 1119167
62782 4189 1097095 61102 4189 1098732
63064 4287 1085901 55930 4287 1025409
58574 3561 1056041 57286 3561 1066505
65429 4063 1122506 58394 4063 1097022
73676 5225 1219063 72166 5225 1220229
