180513 484 2421108 127546 484 2016586
171179 471 2345595 78130 471 1267189
188426 933 2540461 166106 933 2671240
184990 461 2556189 87102 461 1400581
178533 437 2375732 121476 437 1915897
193874 471 2626120 94741 471 1531226
201534 316 2848382 72217 316 1194996
178145 895 2349667 120373 895 1939726
276455 1969 3139913 239823 1969 3306564
241481 1373 2955857 159762 1373 2448865
187200 560 2525793 90366 560 1376017
177903 238 2520183 87669 238 1424924
186367 489 2529874 82113 489 1269218
164225 912 2165812 225485 912 3655101
180915 558 2423562 117327 558 1820044
174234 1022 2260877 179823 1022 2965723
195861 671 2625759 107894 671 1722851
180560 456 2433939 91379 456 1430433
175882 728 2327319 121514 728 1885178
204524 232 2724687 88409 232 1437306
183370 497 2527800 88293 497 1415523
