651558 13622 8306433 477368 13622 5974305
650766 13051 8362651 572911 13051 7481445
592803 13464 7175114 579092 13464 7511605
636652 13644 7839068 565629 13644 7138214
594312 13226 7336405 506637 13226 6304677
650388 14068 8129161 507816 14068 6134693
537800 12368 6735313 566509 12368 7329752
689101 13734 8646769 531850 13734 6735225
669393 13857 8377919 491180 13857 6100579
628071 15115 7766626 574980 15115 7267546
576364 12895 6837131 540808 12895 6892758
771747 15406 9633685 574743 15406 7164957
685320 15802 8355420 608381 15802 7533623
609312 12704 7668584 523561 12704 6658320
652535 14940 7965987 534867 14940 6716419
632134 14483 7804208 521311 14483 6542979
631056 15497 7597389 578658 15497 7195354
682004 14675 8507689 577560 14675 7350991
624004 13143 7911247 507519 13143 6381305
718728 15560 9047169 605506 15560 7717427
641013 15266 7967153 570470 15266 7047154
