14445 727 275042 16347 727 381268
13254 340 254818 10573 340 252091
17616 142 327447 7281 142 181018
14987 483 288026 9899 483 229276
13184 335 263443 7388 335 175005
16027 293 294763 10479 293 259267
14758 388 276527 12322 388 310874
13705 192 262466 14186 192 371661
13285 308 260878 8946 308 208585
15232 240 286402 12965 240 355557
15680 456 293540 11444 456 269275
17507 508 318969 12897 508 301437
14846 547 286317 10222 547 227391
16658 514 310393 16542 514 416514
13697 388 264477 9872 388 237933
14084 224 289277 10044 224 254242
13757 507 269855 11008 507 247340
14757 337 280893 12682 337 319588
14278 285 277957 11805 285 300663
15320 346 294634 10554 346 262813
14117 401 272928 9646 401 223340
