38759 1049 798032 31529 1049 719389
42280 1264 820435 34699 1264 770552
40565 1057 823032 32132 1057 722139
44947 1254 884668 36112 1254 811922
40494 1015 822571 32055 1015 729871
39891 908 808712 32135 908 722363
40798 1099 804434 31909 1099 712844
40665 1091 819599 32485 1091 734936
39277 1026 805308 32578 1026 737193
47489 1892 886163 39159 1892 822982
38501 952 800369 31509 952 714979
37168 819 783791 32063 819 740087
41496 1078 830806 33668 1078 769736
40031 1067 798291 34195 1067 770871
41761 1146 834679 34422 1146 764574
45069 1466 872157 38483 1466 867984
44702 1491 862915 35305 1491 773242
48025 1550 944567 35353 1550 765432
44216 1429 868561 36457 1429 806834
44331 1476 848093 38775 1476 844369
44021 1279 864082 35163 1279 790258
