3971047 33677 39758612 3673701 33677 37062516
3849552 34317 38680723 3484191 34317 34412492
4483354 34339 43840315 3562352 34339 35056150
4572958 34357 45220621 3726517 34357 37551053
4453969 33226 43914419 3771482 33226 37783193
5185789 33201 51657646 3783642 33201 37739339
4316738 33764 42346948 3808546 33764 38301112
4152570 34346 40758401 3336309 34346 33149189
4802937 33730 47810101 3679819 33730 36679531
4488558 34348 44569381 3315575 34348 32773550
4361550 34091 42486468 3801749 34091 38021002
4137614 34179 40192565 3848811 34179 38692497
4405275 34239 42813413 3599388 34239 35854121
4200898 34472 41158828 3590289 34472 35834749
4559297 34409 44981174 3763564 34409 37893595
4122226 34419 40034412 3711152 34419 36636272
4460936 34558 43665665 4077917 34558 41228107
4543077 33821 45098358 3331682 33821 33241759
4447257 33516 43301354 4031359 33516 40579185
4375114 34143 43146801 3666477 34143 36826588
4192236 33870 41407407 3535378 33870 35743313
