62168 3485 1139456 51578 3485 1023644
62445 3592 1127376 56926 3592 1126779
62436 3724 1124082 54198 3724 1047017
61649 3522 1099594 55024 3522 1092282
62347 3692 1124909 56312 3692 1100559
62940 3566 1137576 55957 3566 1107485
61615 3426 1113748 53479 3426 1058082
63754 3641 1127008 55549 3641 1082424
64983 3395 1164467 53402 3395 1057173
62757 3476 1139131 55496 3476 1101291
65633 3682 1178767 54529 3682 1052706
61497 3546 1120627 55254 3546 1082269
62642 3502 1111546 52905 3502 1026779
66270 3728 1219170 57658 3728 1123704
62471 3313 1116803 55273 3313 1108472
62677 3879 1115325 54231 3879 1046643
64098 3729 1168546 56657 3729 1095657
62009 3664 1121274 53799 3664 1041458
63233 3560 1134484 54210 3560 1058859
62936 4022 1116377 58650 4022 1116899
62137 3714 1095485 55620 3714 1090852
