1019022 14385 13273203 720324 14385 9450972
1043617 13696 13544169 656391 13696 8759458
1055172 15140 13871699 723409 15140 9680248
1060063 14795 13827428 734706 14795 9891345
1182156 12709 15803795 562515 12709 7472095
1140286 14827 14937293 684717 14827 9101955
1011554 14083 13199634 625805 14083 8320594
1143854 13813 15079277 630769 13813 8460922
1062338 14823 14050288 670426 14823 8983298
1076999 14439 14092317 635842 14439 8411686
1022801 15152 13543256 749659 15152 9940486
1029232 13437 13465463 641712 13437 8633186
1061231 14619 13980472 642073 14619 8473736
978820 15374 12870113 746220 15374 9992730
1045777 14153 13808460 720141 14153 9860635
987589 14580 12927364 665247 14580 8914048
1141879 14688 15068629 624008 14688 8276716
1067312 14470 13900854 669083 14470 8980399
1000856 13847 13045719 646911 13847 8668168
995689 14238 13086468 640085 14238 8540824
1071698 14107 14291275 699108 14107 9424623
