60395 3494 1094941 54548 3494 1076716
60873 3340 1104847 51645 3340 1028998
60663 3758 1092276 59136 3758 1166233
59718 3234 1084283 49523 3234 980895
59515 3667 1073448 55820 3667 1086753
61378 3407 1108497 53772 3407 1064783
58951 3377 1071372 59150 3377 1201454
59584 3484 1081837 53492 3484 1058331
96891 3407 1072412 64210 3407 1041563
120292 3252 1064469 70869 3252 1005593
68076 3557 1083363 59836 3557 1036564
66756 3419 1056550 64041 3419 1145582
67278 3417 1089825 57806 3417 1018300
66481 3583 1064963 63235 3583 1119336
66783 3334 1074515 55858 3334 1070072
57300 3476 1038212 50963 3476 1019231
60187 3264 1096167 50575 3264 995733
62497 3516 1156132 52340 3516 1029814
60821 3383 1112253 50157 3383 1000351
59760 3468 1085722 56783 3468 1122844
58942 3527 1071327 51755 3527 1006036
