87469 8881 1375641 68942 8881 1011761
87780 9540 1329506 78244 9540 1108249
90790 9572 1385441 78283 9572 1170965
86881 9544 1323152 73728 9544 1071509
93664 9824 1432340 78798 9824 1159545
85803 9586 1302282 76558 9586 1129908
82673 9536 1223370 81136 9536 1223512
84684 9689 1259589 78158 9689 1142367
88860 9600 1355867 79462 9600 1192519
90078 9549 1385588 80351 9549 1215860
77838 8003 1239315 67565 8003 1025939
97392 9680 1506776 76093 9680 1120156
90830 9579 1344757 76421 9579 1133075
85359 9531 1281813 77811 9531 1158409
83529 9641 1250083 76887 9641 1144259
87844 9324 1341407 75173 9324 1101837
88200 9606 1329266 73670 9606 1075301
94786 9700 1465244 80930 9700 1215923
85639 9645 1281434 80217 9645 1201165
95527 9517 1494228 80742 9517 1226027
87746 9586 1318024 97099 9586 1646347
