99075 4410 1480990 69972 4410 1115196
100616 3030 1543882 68967 3030 1227480
105795 5795 1512130 111315 5795 1796705
174166 5885 1619528 120857 5885 1859696
122777 6785 1757591 92853 6785 1361714
108783 6685 1514858 93231 6685 1367366
107199 5297 1571783 75981 5297 1134784
110851 6026 1584043 129163 6026 2164629
109728 4858 1615678 83913 4858 1375832
113187 5309 1644516 68381 5309 1001417
116924 5499 1715797 90392 5499 1395489
104457 5593 1490397 83204 5593 1264875
114027 5731 1650188 119040 5731 1857950
123533 7402 1772206 118221 7402 1864437
108809 4788 1618280 71580 4788 1123643
110112 6305 1557821 146014 6305 2395874
113108 6947 1565843 95903 6947 1390379
109895 6979 1506384 152060 6979 2410329
104580 5915 1505330 93999 5915 1462498
105139 3649 1613629 66210 3649 1064150
102202 5108 1479464 94308 5108 1535634
