3133208 20741 33260086 3958451 20741 40853757
3431671 20309 36751325 3690923 20309 38464544
3694971 22327 39631676 3973608 22327 41501741
2826264 19310 29658299 3321672 19310 33860427
3454857 20082 37284237 4176157 20082 43607261
3639922 20133 38930320 3840070 20133 39500720
3159255 19995 33165664 3606819 19995 37099686
3286691 19672 35443840 3740822 19672 38795967
3733807 19226 39593902 3124189 19226 32355896
3154106 20287 33467227 3403234 20287 35507781
3525781 21062 37482329 3831233 21062 39670298
3170886 19272 34026307 3919804 19272 40044470
3489566 21018 37009684 4361475 21018 44637095
3917514 20779 41953933 3985339 20779 41753668
3056892 20587 32498292 4052188 20587 41929237
3485161 19660 37727454 3933460 19660 41329297
3283795 20178 34878798 3576371 20178 36715054
3185632 21340 34205874 4246791 21340 44174269
3199211 19648 34550086 4551354 19648 45817930
3872560 21740 41298668 3718337 21740 39349366
3226858 18925 34727247 3916401 18925 40572082
