1061799 5331 14108245 303979 5331 4309098
910411 6208 12213060 445150 6208 6526651
901070 6322 12000567 441452 6322 6420195
961430 5249 12721507 287495 5249 4175703
828962 6063 11151983 308823 6063 4300700
928038 6332 12426835 360606 6332 5130599
871137 5350 11677071 292589 5350 4230749
922685 5891 12401998 357126 5891 5148236
958720 5095 12889837 268341 5095 3786807
880262 5903 11761417 432942 5903 6315339
955115 6138 12779184 352285 6138 5041903
854852 5380 11551186 428577 5380 6353563
959723 5558 12979796 338194 5558 4945755
858479 5984 11649566 387273 5984 5652071
964810 6584 12811599 414177 6584 5951989
895847 5508 11988900 307119 5508 4423561
910340 5515 12213364 376787 5515 5488865
989623 6231 13118146 431366 6231 6195339
884633 6378 11941476 359041 6378 5049719
914427 5861 12291294 492549 5861 7344062
878271 5675 11836471 472145 5675 6944337
