18389 405 262522 8102 405 117000
25210 312 347799 9598 312 151460
29149 705 403936 12645 705 190701
24938 617 356774 14151 617 237679
16313 383 235818 9260 383 144100
19627 457 275705 9990 457 151941
22346 548 311978 11107 548 172408
20464 401 299803 10548 401 173587
22938 793 339449 15378 793 246653
21677 410 305693 11123 410 187097
23399 911 326273 16063 911 247020
24159 533 353412 11661 533 185673
22008 543 304530 9768 543 147451
24926 796 347716 13881 796 218800
31921 770 477461 16305 770 266748
21405 399 300605 12771 399 190771
20469 610 279858 12310 610 184579
26418 645 394016 13211 645 212137
19543 518 281460 10518 518 164930
21219 537 305185 12386 537 205557
22347 634 318579 11388 634 171670
