64082 2808 1025003 56094 2808 1001812
76510 3119 1168763 66959 3119 1064390
71166 3171 1115256 59240 3171 1010080
66056 3304 1083839 53513 3304 1009198
58960 2960 1051052 48908 2960 954028
59768 3224 1061419 53515 3224 1070662
57995 2959 1038776 49707 2959 988510
60739 3069 1088239 52016 3069 1025501
63084 3453 1125087 57596 3453 1128886
60793 3239 1086332 51802 3239 1015701
60023 2709 1048569 52823 2709 1084403
59633 3107 1056178 53941 3107 1069359
58290 2657 1049076 46338 2657 916787
65072 3561 1141755 55341 3561 1066582
58253 2757 1044445 48509 2757 968883
54363 2573 979566 46487 2573 934763
63560 3112 1108318 53537 3112 1035594
62546 3476 1101676 52757 3476 1015187
62122 3026 1123572 49549 3026 979393
58455 2985 1049570 48814 2985 964818
53793 2689 990195 50189 2689 1018878
