46647 1504 925756 51046 1504 990936
52020 2250 1005670 51793 2250 1052744
64975 2894 1050487 49660 2894 988142
49436 1799 961676 46836 1799 984501
51393 1880 992601 45691 1880 939890
60284 2938 1084458 53505 2938 1059982
54234 2011 1036561 48311 2011 977141
54120 1773 1040893 46583 1773 960611
47461 1821 932511 43564 1821 900577
45227 1307 861380 40414 1307 840896
64870 3022 1155300 57501 3022 1092601
50611 1868 997915 43915 1868 907713
52567 1761 994922 49732 1761 1057184
51128 2141 983836 50639 2141 1013266
46239 1544 944358 44094 1544 945200
73696 5421 1210372 71857 5421 1202380
67213 4124 1135188 56906 4124 1064189
51949 2034 996982 47601 2034 959153
46521 1528 917315 44507 1528 923725
54873 1875 1040674 45682 1875 967943
53630 1783 1011543 46099 1783 964539
