290831 2770 4316164 284509 2770 4514036
352138 2106 5122911 138706 2106 2133439
272479 2186 4031401 206154 2186 3261076
279800 1774 4176496 158031 1774 2447697
279181 2411 4101105 210817 2411 3193383
254625 1893 3778380 179430 1893 2881157
213441 1484 3151764 128451 1484 1976585
265877 3081 3966563 297282 3081 4567424
279608 2216 4180336 167232 2216 2550587
292035 2252 4353351 163321 2252 2560899
278102 1492 4121781 134611 1492 2122456
258779 2039 3799842 226625 2039 3587311
275288 2331 4143656 230740 2331 3680065
244198 2155 3739821 173056 2155 2730723
341248 2952 5055161 260214 2952 4008532
282377 1705 4202543 204035 1705 3226647
266072 2003 3986219 202763 2003 3275891
279070 1839 4056926 149199 1839 2287136
297541 1888 4404102 145957 1888 2222291
280437 1604 4180009 133427 1604 2107827
264836 2403 3977075 197803 2403 3067216
