41402 832 847289 36264 832 847186
40493 843 853048 32223 843 737740
37195 758 796562 33483 758 773653
45141 1055 912615 34157 1055 783187
44712 1284 897057 36423 1284 814576
40529 867 863890 33055 867 739938
41763 793 875131 32021 793 743777
47243 1449 940243 40170 1449 877081
40632 898 843628 34828 898 794659
44622 1208 896285 35734 1208 797525
41965 1064 871698 34583 1064 784174
40072 905 841986 35069 905 795527
44912 1559 874522 38513 1559 832582
38445 791 820233 32110 791 727711
48579 1354 957347 37871 1354 833768
45659 1705 883551 38104 1705 817110
40066 779 834246 32592 779 751959
42480 1181 845420 35399 1181 778627
40059 906 848647 32427 906 738917
39258 864 830587 36444 864 795910
40908 961 851099 35078 961 799959
