703860 5052 8834018 275309 5052 3827236
673380 4220 8333429 189252 4220 2464931
733318 5433 9023343 276621 5433 3808776
589644 5294 7405402 279461 5294 3793338
683465 6488 8705625 354231 6488 4865489
585987 5425 7184819 263450 5425 3667253
602209 5513 7657367 272877 5513 3832487
650134 4815 8498529 228581 4815 3288992
603939 6094 7759782 333605 6094 4667221
677773 5501 8599247 259387 5501 3636853
604781 4417 7828591 204046 4417 2941042
720089 5995 9272459 306622 5995 4273046
589954 5983 7475332 277884 5983 3920092
619933 4770 7936805 188613 4770 2660423
547368 5399 7271728 272087 5399 3869881
670842 5359 8560473 236109 5359 3301174
651920 5171 8442941 256298 5171 3651374
614388 4698 7905806 289295 4698 4221530
631506 4794 8212790 267891 4794 3857964
637027 4917 8258674 232665 4917 3329001
731692 5852 9471989 297223 5852 4242509
