771824 11751 8269659 501178 11751 5681394
526794 8630 7084006 412156 8630 5642302
640940 9691 8570591 406527 9691 5428995
677208 10608 9021602 407806 10608 5364427
604220 10159 8086748 441124 10159 5756696
538272 10633 7051554 409053 10633 5275524
815137 10921 11011978 419736 10921 5388970
545971 8142 7344746 327364 8142 4398043
544675 10025 7229412 393854 10025 5206353
611478 9386 8154151 419303 9386 5692850
705220 10999 9367584 428860 10999 5630729
647547 10088 8669539 409618 10088 5470167
621921 9661 8363970 403278 9661 5236793
595103 10113 7646996 398991 10113 5184726
664323 9444 8849960 354738 9444 4696333
616955 10806 8082035 412818 10806 5302412
665154 9874 8936383 441980 9874 5913948
647331 10333 8539409 396949 10333 5125289
702971 11821 8364711 592013 11821 6169810
638590 11457 7872808 530350 11457 5341162
682455 8477 8700819 378616 8477 4890506
