45577 1373 923207 38873 1373 870604
45549 1216 933441 40490 1216 913811
47161 1392 952339 38455 1392 855458
45588 1353 919640 38649 1353 850771
43725 1107 890397 35336 1107 809899
44656 1251 902259 37848 1251 859600
45809 1368 909235 39435 1368 891524
44549 1328 899755 37813 1328 853163
44378 1134 905492 37616 1134 860501
46512 1431 937742 38016 1431 836753
45755 1275 934854 38511 1275 862711
47839 1411 937362 38664 1411 857053
47745 1648 939459 40635 1648 878346
51414 1430 935052 38838 1430 856672
45322 1316 921467 39333 1316 875975
46005 1373 937693 41443 1373 939542
45866 1436 918647 36942 1436 805073
43780 1175 897701 38849 1175 878401
77587 1463 941476 59115 1463 898843
62443 1180 906756 63782 1180 822291
61826 1243 905376 52311 1243 800873
