4354588 31775 45695734 3205758 31775 32199843
4076719 31868 41922180 3276743 31868 32633030
4529852 31480 48300499 3223946 31480 32520131
4004884 32685 41726432 2895524 32685 28537685
4043881 31356 41898157 3004347 31356 30231502
3626559 32272 37532427 3070681 32272 30735998
4150510 32324 42541465 3071554 32324 30398853
4194451 32235 43069963 2900835 32235 28322081
3925097 31237 41147611 3182218 31237 32077187
4073678 32298 42770051 3254492 32298 32876744
4166574 31939 43753833 3288586 31939 33211802
4109831 32514 43514878 2917455 32514 28802415
3857776 33203 40050326 3130267 33203 31216699
4449035 32962 46771550 3182099 32962 31916634
3395878 31952 34728609 3208335 31952 31878370
3867653 32413 39665621 2928264 32413 28980981
4459881 32042 47461152 3160637 32042 31765503
3906712 32452 40274934 2992610 32452 29464581
3785382 31095 39437135 3003453 31095 29785470
4098524 32175 42616895 3278020 32175 33191751
4341229 31669 45802738 3178680 31669 31939304
