582317 6247 7983039 543018 6247 8061045
619514 5487 8566805 475828 5487 6938941
605266 6325 8088459 502840 6325 7076885
549767 5501 7458922 452048 5501 6503448
577024 5802 7738224 403074 5802 5763035
602379 6273 8235018 536798 6273 7942825
676016 6434 9381378 531026 6434 7643539
644921 5941 8827912 531195 5941 7709469
633892 5820 8805747 430586 5820 6330571
644686 6534 8934959 539599 6534 7790939
569969 5754 7906244 475401 5754 7011558
594383 5636 8293184 456159 5636 6727169
582383 6162 7908605 385282 6162 5541881
611942 5884 8573039 521417 5884 7736638
560883 5518 7637440 556912 5518 8316939
623257 5731 8626229 503390 5731 7692752
638810 5366 8759918 380623 5366 5640830
681247 5893 9517305 520352 5893 7811812
612915 5948 8378414 479143 5948 7143250
514194 5315 7109084 425878 5315 6295281
602626 6093 8314483 516513 6093 7572222
