730486 12613 9470377 582604 12613 7728774
747290 12979 9705320 561952 12979 7420271
742793 12990 9583196 575850 12990 7538661
710583 13370 9207550 584518 13370 7720474
792079 12968 10242762 539108 12968 7019734
805836 13297 10380103 568695 13297 7531511
737864 11913 9580363 571081 11913 7541438
700012 12726 9113936 579529 12726 7740096
747682 13334 9628754 583987 13334 7725043
767374 12958 9858974 552802 12958 7309364
754632 12825 9784555 583502 12825 7604825
744818 12913 9701761 637836 12913 8557139
705784 13343 9057248 548607 13343 7130940
781759 13458 10163611 618040 13458 8111272
696191 12299 9022254 616975 12299 8282644
762419 12648 9378514 529097 12648 6645489
775758 14598 10006799 700458 14598 9173657
703283 12367 9074913 481035 12367 6194596
723510 13428 9403018 569159 13428 7473780
798638 11923 10430354 573196 11923 7584942
745880 14150 9624353 584516 14150 7612565
