3267845 29470 30563245 3161911 29470 30925344
3144895 30289 29927050 3100828 30289 30504877
3157827 30133 29918755 3046930 30133 29961651
3541298 29768 33612812 3262789 29768 31902495
3172186 29744 29900426 3415273 29744 33819848
3274499 30203 30835045 3022242 30203 29932119
3302375 29703 32010588 3235714 29703 31999694
3771857 30054 35570410 3071500 30054 30004797
3509890 29857 33776412 3144338 29857 31341508
3365803 29875 32243224 3178023 29875 31321681
3566586 30513 34323807 3598106 30513 35631883
3671981 30573 34980694 3245287 30573 31959041
4022797 29971 38471098 3212250 29971 31930457
3935727 29918 38580774 3310568 29918 33082692
3325203 30704 32824456 3338838 30704 32896357
3173457 29539 30243261 3059059 29539 30071689
3300979 29491 31290543 3233373 29491 32588559
3373193 30420 32585298 3356527 30420 33456736
4028520 29941 38872729 3189720 29941 31448556
3495897 30332 33466528 3504669 30332 35323304
3469910 30051 33043487 3569331 30051 35501260
