1135422 13725 15000742 671223 13725 8959380
1022396 13924 13569684 784130 13924 10806441
991816 13972 13237696 728286 13972 9956717
1024807 14279 13657975 798937 14279 10803988
1085219 14013 14387986 716900 14013 9682688
1050106 13527 13990401 722879 13527 9741387
1024897 13816 13520276 662213 13816 8864284
1013327 13841 13415648 725980 13841 9802845
968803 13689 12870608 644443 13689 8671148
966103 13305 12821335 768923 13305 10544873
1124870 14027 15132571 778456 14027 10560968
940639 13748 12394231 751504 13748 10154693
1108357 14815 14630423 714855 14815 9622029
910501 14266 11960121 711570 14266 9617577
944542 12348 12512147 697320 12348 9686739
1045867 14921 13930101 849721 14921 11774172
1077806 13844 14376836 721120 13844 9738878
955519 12181 12668331 656030 12181 8859388
998525 13608 13323641 728799 13608 9938109
985309 14069 13190232 784177 14069 10663332
970808 12404 13029628 662801 12404 9036001
