155967 6136 2407885 149731 6136 2383729
161302 6714 2469630 147832 6714 2283222
155349 5726 2420560 134701 5726 2172885
164299 6630 2466345 147140 6630 2307096
148634 5320 2310196 129241 5320 2099260
177226 6183 2750250 143747 6183 2273867
166032 6912 2499203 156622 6912 2443038
153003 6077 2363215 147332 6077 2360453
168047 6980 2528137 157807 6980 2439164
153931 5912 2376920 131691 5912 2115088
160059 6204 2477101 136668 6204 2140004
166405 7293 2497588 152464 7293 2362034
141407 5012 2251806 141309 5012 2357892
154612 6240 2391416 137966 6240 2186670
142804 5502 2230357 135363 5502 2155163
153822 6346 2386965 145073 6346 2257654
153542 5624 2418955 139846 5624 2285757
158213 6386 2409466 142297 6386 2224243
155936 6205 2427188 137664 6205 2187456
164180 6612 2455294 148076 6612 2314715
149700 5796 2289587 135015 5796 2163403
