5598 13 146509 5314 13 142336
7192 23 196387 9021 23 263231
10218 14 284130 6881 14 202473
6185 16 163044 5944 16 167106
7269 22 195768 9042 22 251563
7294 17 193699 5084 17 138452
6374 15 171187 6040 15 164150
5279 21 140609 9565 21 280754
5305 17 141648 7857 17 217630
6950 15 184459 6103 15 171191
5174 17 138576 6346 17 177550
5607 14 151943 9069 14 264381
5238 15 140293 7526 15 209501
8193 22 224969 5730 22 155048
6977 19 188824 8593 19 243360
6569 11 175257 5781 11 156236
6315 7 169918 5728 7 158131
9591 21 264324 12508 21 372000
7371 14 199630 7304 14 210516
9658 20 261719 8398 20 237962
7325 16 197710 8750 16 250113
