3222329 33460 28512209 2422589 33460 21557942
3115013 33658 27643084 2142806 33658 19043456
3375190 33516 30588563 2070578 33516 18128671
3255929 33443 29216677 2314156 33443 21101249
3219039 33307 28748604 2173336 33307 19059931
3186453 33335 27899901 2305089 33335 20667194
2848399 33270 25093340 2390875 33270 21770905
3557983 32796 31960001 2710533 32796 25008587
2997268 33020 27038970 1918973 33020 16937325
3020900 33736 27154254 2723712 33736 24727860
2810023 33434 24391897 2220385 33434 19667740
2827394 33881 24964501 2378066 33881 21435966
3103821 34060 27683747 1988227 34060 17277437
3439464 33575 31584435 2502102 33575 22601425
3716779 33504 33732355 2094061 33504 18361089
3135860 33966 27988936 2939248 33966 26899494
3499589 33391 31786920 2292861 33391 20097593
3583359 34020 31688168 2167838 34020 19501741
3160483 33290 28172464 2388299 33290 21473734
3174640 33117 28369851 2021106 33117 17311344
3418262 33575 30293646 2067641 33575 18218598
