214456 4651 3423938 122444 4651 2033324
232545 4950 3753243 144537 4950 2472458
219400 4483 3558292 125031 4483 2125227
212189 5239 3417407 137549 5239 2303281
220858 4547 3504642 121953 4547 2100266
214071 4729 3367355 130486 4729 2210945
218847 4237 3492091 123850 4237 2158380
218205 4564 3493845 143450 4564 2447041
212740 5175 3385906 130931 5175 2179814
234033 4649 3769125 126938 4649 2174645
207637 4638 3319065 117385 4638 1945026
215350 4662 3437627 128109 4662 2154814
219828 4654 3501711 138707 4654 2345415
203240 4576 3222508 134098 4576 2283527
211667 4955 3329778 130458 4955 2206558
227647 4687 3597260 133994 4687 2257209
213727 4831 3378356 132533 4831 2153217
221207 4746 3582155 132111 4746 2196159
222588 4697 3618166 139849 4697 2446713
200801 4163 3189798 115692 4163 1945243
225223 4542 3601918 128361 4542 2120741
