5046800 35348 49505489 4099859 35348 40886321
5745397 34729 56544737 3664339 34729 36408488
4877924 34651 47816870 4570132 34651 46705437
5541237 35160 55525252 4653496 35160 47472202
5491952 35428 54211376 4547322 35428 45639109
5505936 34982 53240006 4317109 34982 42927922
5227091 34271 51044132 3863424 34271 38266307
4937201 34822 48396406 4130041 34822 41464536
6136986 35202 61544401 4602767 35202 46894442
6147171 34733 61988839 4032480 34733 40938913
5422692 34423 54038732 3803607 34423 37904704
5862223 34531 58509317 4486436 34531 45211938
5274536 34925 52612229 4459430 34925 44611660
6013494 35322 59770548 4849450 35322 49029789
5109835 35275 50211188 4476858 35275 44665563
6781831 35192 67845280 4199421 35192 42106330
6469442 35108 65043124 4718479 35108 47805925
5096970 34254 50409356 4338212 34254 43929749
5366142 34799 52982757 3912725 34799 38867079
5557548 35099 55339823 4208418 35099 42648504
5845398 35246 58059579 3726623 35246 37164595
