258303 11055 3774285 253100 11055 3940497
166158 5489 2655448 146740 5489 2392009
216939 7130 3425057 177038 7130 2830470
220515 8980 3349441 209654 8980 3234838
191255 6147 3071752 145624 6147 2378768
266554 10585 4092821 222409 10585 3341295
201574 8464 3063085 185788 8464 2867669
231094 10455 3411531 217132 10455 3271005
247550 11280 3647614 215527 11280 3184498
217820 8438 3329920 180915 8438 2806651
245796 10653 3638105 225763 10653 3376898
176127 5448 2837005 132655 5448 2176491
233218 9824 3455619 196447 9824 2989003
189063 6869 2931862 173787 6869 2813482
215260 8337 3307333 181985 8337 2813539
149274 5363 2395357 138409 5363 2246735
246633 11279 3617719 226534 11279 3392871
206420 8466 3106809 189328 8466 2899894
238216 10146 3572984 212041 10146 3184527
207103 8278 3127597 187198 8278 2906153
208982 7659 3268339 173809 7659 2720574
