9112 195 144345 5478 195 89046
8055 78 131105 4886 78 83227
8543 146 134679 6459 146 119219
10156 194 159817 6139 194 109047
8606 102 139841 5265 102 90259
9462 191 152413 6208 191 108912
8806 74 137516 7605 74 101816
10274 249 160518 6957 249 130105
9607 184 156635 6035 184 107636
10520 139 162494 6124 139 112916
12213 251 202632 7293 251 135770
9496 152 146303 5007 152 79573
12328 451 196956 8663 451 154961
7666 140 119293 5677 140 104153
8523 120 132415 5212 120 90153
11064 242 178915 7351 242 140783
9980 162 155748 5821 162 106186
10516 82 165881 5792 82 105533
11117 179 169805 6035 179 105767
11485 238 187924 7361 238 137356
10327 168 164736 5799 168 101944
