214546 10388 3172059 201947 10388 3045974
218507 9624 3277809 185882 9624 2820270
210372 9714 3111311 187013 9714 2843798
212040 9355 3176488 180321 9355 2754420
209214 9122 3128160 186009 9122 2839018
204062 9411 3052334 184982 9411 2805582
211889 9600 3154004 203452 9600 3104323
218385 9493 3278977 182239 9493 2769356
217231 9368 3227311 187101 9368 2846134
212768 9624 3104588 184580 9624 2771363
204270 8680 3041430 188948 8680 2898982
212650 9342 3144474 181159 9342 2720719
211068 9468 3107255 177468 9468 2677217
211468 9062 3162597 172796 9062 2629804
214097 10011 3168295 188451 10011 2852575
218906 9532 3329712 186063 9532 2864353
212917 9635 3171860 185517 9635 2814617
303604 10833 4801503 198304 10833 2931453
214131 9264 3162469 182179 9264 2821476
221639 9932 3299174 182195 9932 2761725
207804 9155 3065185 176038 9155 2697154
