4305969 35123 43183103 4547082 35123 46232435
4043724 34988 40425952 4204118 34988 42581621
3895312 34893 38365898 4671885 34893 47551456
4246428 34967 41808175 3958100 34967 39814145
4413307 34806 43474558 4072237 34806 40875425
3715265 35223 36462711 4242935 35223 42789622
3867938 35054 38265155 3948530 35054 39884061
4539694 35131 45922587 4086169 35131 41208850
3509107 34795 33908410 4504878 34795 45928675
3818607 34927 37240406 3542073 34927 34961965
3762781 34977 36979399 3609262 34977 35926799
4007674 34328 39861101 3979470 34328 40283527
4288978 34562 42633988 4292974 34562 43191771
3888657 34436 38255797 3891672 34436 38962183
4421799 35081 44107682 4585504 35081 46410356
3205488 34167 30897165 3756972 34167 37566938
3840481 34946 37647605 3687657 34946 37035632
3982453 34643 39157312 4677045 34643 47030314
4088794 34275 40855926 4483043 34275 45519997
4215826 35049 41732977 3816264 35049 38368250
3798836 34776 37561416 4123457 34776 42006916
