452666 7836 5970726 345949 7836 4665426
455619 8131 6016105 343627 8131 4660615
522240 7960 6979140 342667 7960 4622875
433350 7714 5774117 342266 7714 4672596
447950 8006 5860449 339313 8006 4601023
470583 8643 6046485 391256 8643 5292559
475405 8376 6266306 371595 8376 5048131
477597 9170 6161697 395593 9170 5308075
519956 9426 6765160 406057 9426 5467086
472278 8931 6149566 382481 8931 5117974
458320 8610 5893689 368172 8610 4982836
473223 8249 6193023 387433 8249 5362634
484355 9014 6323060 419115 9014 5730619
493189 8927 6574340 395858 8927 5292762
489378 7648 6609773 349001 7648 4769107
499587 7898 6595252 327936 7898 4427850
475664 8869 6253498 389779 8869 5229771
471157 8529 6208050 356406 8529 4823516
415852 7572 5391726 353489 7572 4867244
500937 7746 6547327 342677 7746 4680972
484340 7899 6386939 361783 7899 4950439
