53727 4168 958483 56408 4168 1066293
62940 5448 1039944 62960 5448 1080364
60453 5534 1021036 71279 5534 1280284
59712 5084 1018180 59178 5084 1054736
51694 3853 925273 51225 3853 946172
49714 3598 892373 49994 3598 939065
60287 5215 1011796 61190 5215 1089563
55506 4307 963679 56669 4307 1043109
100552 5083 1047188 91712 5083 1074345
67006 5425 1081616 63684 5425 1122262
49483 3487 887117 47734 3487 904924
59322 4955 986278 60022 4955 1077953
67005 5903 1071478 66661 5903 1159595
59263 4941 999520 62915 4941 1126859
52970 3786 944969 53535 3786 974878
53216 4327 924495 52424 4327 950774
57030 4528 994890 56113 4528 1031354
53627 3998 939670 50806 3998 933871
69229 6226 1121443 70095 6226 1178258
59511 4962 1001491 58190 4962 996142
60268 4970 1021966 63601 4970 1177017
