22862 179 152802 11970 179 88027
23609 102 166768 11935 102 104988
18281 121 110244 11283 121 85901
21198 51 149726 10324 51 74214
19169 159 135909 8625 159 87692
20584 69 125941 12452 69 61546
18108 119 109479 11874 119 81800
18233 152 117008 12359 152 91582
16516 89 102124 10922 89 88732
15013 122 161155 7849 122 85228
13101 114 123996 7296 114 78744
20257 168 153550 15332 168 103923
14529 59 137911 8077 59 81411
13322 56 87940 6716 56 60382
19058 194 159656 13417 194 131902
14998 170 150361 8800 170 85600
14980 118 148318 9145 118 93075
15550 274 153047 10071 274 113306
19075 93 137304 9571 93 93648
15188 108 143754 9305 108 81558
13511 74 129161 8050 74 72468
