55229 745 311881 30294 745 202796
53355 606 321658 24108 606 179112
47313 614 326697 22187 614 188211
43411 643 290255 22642 643 179090
36963 579 239401 21203 579 172398
47807 1122 317904 31301 1122 232721
42186 799 274968 25058 799 197616
43360 426 287313 17867 426 144923
44798 795 293016 26392 795 221551
53281 982 344388 33040 982 244812
41203 667 271580 20990 667 156517
42331 644 292298 26998 644 204614
40336 424 277060 17597 424 142609
37374 598 251839 19467 598 153145
34664 618 235408 19705 618 144646
37442 562 251850 19847 562 156427
42837 801 293672 25739 801 199453
47657 904 299873 29339 904 216913
48223 914 314565 24898 914 188114
40401 637 266063 22310 637 175692
51266 834 352350 26578 834 205553
