1170936 15784 15580968 871983 15784 12058277
1433428 17324 18921158 903353 17324 12073489
1207398 17317 15944733 884912 17317 11778531
1285053 16784 17160631 853916 16784 11489045
1568867 18116 21067951 935877 18116 12659542
1340439 16063 18137792 826923 16063 11191924
1181091 16773 15709592 965358 16773 13277269
1220615 16619 16273178 794590 16619 10614093
1377251 17707 18244664 963345 17707 13095386
1164082 16570 15587582 821382 16570 10922165
1352931 18073 18327949 948334 18073 12689531
1227791 17147 16289769 949178 17147 12867794
1260755 17579 16751396 933746 17579 12407108
1330798 18530 17687765 860497 18530 11352574
1186931 16131 15815396 839434 16131 11354085
1280216 18613 16917949 918184 18613 12221915
1286071 17706 17173369 908835 17706 12221581
1107693 17091 14674045 970526 17091 13144523
1316536 16389 17866519 775029 16389 10368822
1537313 17871 20508195 958165 17871 13011012
1344471 17362 18004883 856984 17362 11406767
