1067851 22177 13903743 895385 22177 11670399
894192 19979 11531353 755159 19979 9791074
942845 20786 12256059 872980 20786 11205645
815522 17262 10661056 736231 17262 9651325
1036113 18508 13681653 823431 18508 10737072
886708 19097 11549693 787665 19097 10275775
875411 18880 11470181 740374 18880 9640605
1033383 20214 13624149 799850 20214 10211448
970161 19357 12772842 788075 19357 10187931
899382 18812 11665646 925122 18812 12380464
894532 20554 11568969 844210 20554 10997957
1027350 19419 13010025 859190 19419 11121582
858228 18700 10946096 720033 18700 8992600
874694 20203 11263840 897713 20203 11738162
893668 17657 11613499 860764 17657 11339892
845253 18627 10885717 766781 18627 9924404
946889 19233 12312262 781855 19233 10135493
1003005 19532 12503218 832653 19532 10624944
981175 19852 12612485 813309 19852 10402037
940683 18760 12181287 771627 18760 9748367
860523 18736 11036578 835182 18736 10931156
