448751 2420 6522043 142672 2420 2191330
415869 2015 6154263 138523 2015 2242186
371314 2243 5446141 150038 2243 2375954
457683 2284 6682055 138180 2284 2162481
433093 2739 6288808 169395 2739 2654098
378192 1791 5476457 110324 1791 1754210
448464 2139 6655675 133391 2139 2101369
415017 2017 6069913 133080 2017 2155760
467014 3025 6844391 194976 3025 2996819
441115 2006 6530945 131718 2006 2134823
366238 1700 5367812 106234 1700 1800087
479134 2301 7024078 156658 2301 2470100
378133 1990 5582767 112548 1990 1827789
438254 2351 6414478 139479 2351 2223540
415751 2580 6159655 162656 2580 2592125
419413 2338 6078190 158256 2338 2487080
368267 2248 5436875 141495 2248 2237418
425773 1700 6283024 114428 1700 1869786
416631 2228 6017761 143731 2228 2180224
379722 2901 5474620 178527 2901 2693441
404080 2622 5888058 156849 2622 2518257
