56156 606 933646 34970 606 735760
68223 2228 1078310 48997 2228 851986
54159 1652 860022 44208 1652 867094
43987 345 756035 27180 345 588291
74069 188 832204 30355 188 506528
87636 1035 1120499 42125 1035 778507
49201 1279 797887 49048 1279 977422
60571 2501 926283 71547 2501 1365328
55881 742 941539 24819 742 508708
56026 1810 940865 41006 1810 806233
51026 601 848959 30939 601 654715
60300 2002 949466 45437 2002 814534
38856 1022 656537 43365 1022 932172
44609 1089 759019 31788 1089 626908
53067 1380 857663 27495 1380 497447
57465 1055 935806 55542 1055 1188051
50394 900 867875 33756 900 700751
55551 1546 899346 41799 1546 803141
62652 37 1017472 8940 37 194824
48042 1741 759436 44452 1741 861930
58003 2172 950837 46248 2172 821225
