58979 3361 988469 49307 3361 927386
48688 2181 894375 41601 2181 857373
52523 2845 941819 44113 2845 857697
54670 2742 979437 45563 2742 913239
56575 3341 981747 47521 3341 910347
50674 2411 895663 41064 2411 829017
57520 3360 985432 52467 3360 1026250
57822 2591 1046426 44401 2591 864699
50800 2402 916352 42906 2402 873901
53071 2473 957771 42227 2473 844592
54119 2743 977411 48696 2743 877606
55396 2838 984178 44453 2838 866865
56580 2737 992987 44982 2737 904399
54035 3028 964942 42857 3028 820418
53667 2469 947611 44981 2469 887482
77705 2417 869475 58066 2417 777941
76316 3174 948636 66494 3174 891544
70509 2580 892970 59318 2580 776991
70614 2408 918741 57682 2408 786472
114992 3377 1029856 64955 3377 903286
61588 2888 946944 51395 2888 880972
