862639 12621 11586960 697329 12621 9636830
886075 12769 11946837 667118 12769 9121584
876549 11312 11703404 589256 11312 8226949
927326 15013 12413871 782484 15013 10667554
836912 12451 11209568 694602 12451 9603751
840345 11383 11370444 623831 11383 8547421
979621 12030 13160404 623047 12030 8505084
838929 13062 11064572 659368 13062 8873892
963609 13147 12901954 637074 13147 8624830
899630 13142 12027656 710789 13142 9786400
995981 12556 13443199 628672 12556 8663838
849235 13494 11345364 666504 13494 8984847
875063 12725 11773986 706863 12725 9727808
850552 12874 11306669 653957 12874 8904017
837290 11479 10996236 526502 11479 6924712
848370 12689 11135076 656393 12689 8987735
903857 13599 12111855 735085 13599 9954732
1141145 14065 12351769 666858 14065 8934256
789652 12585 10490062 616690 12585 8321390
825946 12489 10939875 702895 12489 9780709
839811 12441 11128664 734737 12441 10062021
