84220 4303 1139381 82636 4303 1181284
75316 3704 1134786 70521 3704 1090974
73716 3897 1090980 69910 3897 1054447
80326 4795 1142887 78125 4795 1152060
82144 4920 1156104 77086 4920 1115707
128134 4837 1157831 100479 4837 1165474
71332 4413 1122057 67475 4413 1092427
66943 3852 1085443 63160 3852 1067567
70719 4306 1120910 66253 4306 1090429
65624 3649 1065882 61032 3649 1033247
59830 3704 1055162 57226 3704 1128624
56440 3765 1042031 56061 3765 1083213
62871 4273 1105164 59867 4273 1132104
57586 3477 1062880 57327 3477 1137664
58000 3930 1048202 58946 3930 1117538
55588 3404 1037111 55600 3404 1090218
57890 3442 1087467 52619 3442 1020615
57834 4043 1045038 59933 4043 1141962
62276 4288 1111674 62468 4288 1151749
62927 4610 1108595 63228 4610 1174237
63258 4314 1145183 60179 4314 1150659
