1092622 19520 14265395 771728 19520 10039500
931952 19044 12019266 866025 19044 11465233
955509 19019 12505304 844988 19019 11137234
982999 19579 12808381 841902 19579 10976279
975978 18381 12679867 847377 18381 11297153
976661 19744 12678566 933247 19744 12436657
996304 19161 12962173 841053 19161 11058209
946527 18600 12218462 816327 18600 10774324
992728 19763 12978288 822963 19763 10652494
993247 19348 12977218 823541 19348 10794538
981986 19124 12754194 890009 19124 11831875
1012555 19519 13210904 892963 19519 11759239
999024 19876 12947886 844315 19876 11068541
1001719 19720 13048927 906202 19720 12187657
982000 19311 12825060 786374 19311 10260805
923086 19264 11791966 789794 19264 10237213
872671 19125 11169602 850439 19125 11189071
985909 18790 12856827 892570 18790 11866783
1072725 19749 13934647 828946 19749 10773287
958024 19365 12450234 877870 19365 11639534
1005139 19241 13105445 866649 19241 11497330
