42129 2114 755419 40069 2114 827017
42016 2040 753148 39525 2040 809452
42737 1870 806796 37448 1870 779414
41374 2104 747773 36967 2104 752431
40178 1928 742752 38793 1928 794836
35664 1344 665255 29015 1344 622468
45778 2031 840213 37806 2031 779664
40761 1936 746146 35041 1936 717073
30408 809 591217 25463 809 554426
47083 2826 849795 39255 2826 745369
43658 2336 765380 41910 2336 846455
43082 2259 762680 36674 2259 738638
42006 1700 749059 34467 1700 720387
39561 1772 705877 33571 1772 704958
46425 2482 838242 39752 2482 789153
41627 2090 763721 36311 2090 729732
45905 2377 803988 39504 2377 745465
41233 2038 723841 38479 2038 782407
44771 2245 803512 40270 2245 810666
37217 1532 703761 30884 1532 642747
45490 2417 811958 41204 2417 825812
