3449919 10996 34741398 1593562 10996 16159134
3714565 12069 37778390 1562370 12069 15443706
3797650 12947 38299239 1776722 12947 18267333
3512089 11809 35383459 1697590 11809 16738424
3543057 12118 35548640 1636260 12118 16637214
3394196 11250 34158406 2153628 11250 21836169
4081415 12447 41346476 1829972 12447 18714658
3888069 12386 38761471 1787786 12386 18242295
3352648 11196 33710814 1410803 11196 14231002
3582857 12003 35954491 1625272 12003 16413997
3747668 11386 37712859 1388030 11386 14084286
3716122 12356 38030012 1631401 12356 16516997
3201174 11259 32362164 1599979 11259 16217239
2828547 10795 28498958 1844672 10795 19033868
3383242 12785 34149012 1607536 12785 15978300
3267626 13063 32697923 2045108 13063 20931995
3714348 11721 37665366 1903829 11721 19394072
3263549 11452 32867781 1740551 11452 17705482
3771254 12720 37794973 1859927 12720 18559096
3315500 11838 33450303 1627323 11838 16435511
3103230 11439 31167415 1901672 11439 19000811
