60506 2733 1081433 46239 2733 880480
60512 3346 1058862 49055 3346 991613
59646 2937 1090102 46423 2937 965994
80411 3303 1013859 68413 3303 955180
78760 3007 1011734 49157 3007 874583
59348 3183 1042071 43803 3183 874982
59523 2908 1046165 50524 2908 1060530
57416 2794 1007051 45245 2794 947568
58161 2591 1041548 40413 2591 837322
57759 2734 1035642 43005 2734 888289
58237 3154 1022280 45517 3154 914397
57802 3111 1020605 43779 3111 872901
58155 3139 1010022 46507 3139 947319
56512 2976 1000988 43712 2976 886568
55993 2661 1004379 42374 2661 877394
58753 3158 1037834 45855 3158 910656
57725 2764 1034413 45530 2764 944039
58120 2993 1034208 45688 2993 956380
58933 3134 1048642 43957 3134 872163
57446 3250 1040907 45410 3250 904039
60896 3106 1079611 49448 3106 1041132
