122478 840 647948 62992 840 409723
148157 432 766330 50074 432 253372
72672 439 554028 35349 439 281551
91419 655 644343 44832 655 260050
123606 844 782575 79377 844 502654
112915 725 704410 65753 725 390545
135523 523 758205 45716 523 204886
144697 1293 842091 68460 1293 576836
173500 1006 888751 66664 1006 348046
132679 804 643136 64487 804 354585
127571 776 832512 57067 776 486399
101522 478 578434 25866 478 174877
130116 662 788115 59972 662 337883
142372 752 769786 56490 752 340973
159230 362 769297 46833 362 240940
132357 855 731835 56817 855 297672
131957 668 937535 61278 668 322795
137721 854 670684 48810 854 402831
96412 988 753577 46479 988 370404
155583 663 848870 70286 663 442861
143325 1317 866779 49787 1317 349802
