11043 104 130221 5765 104 74234
15962 289 193260 9950 289 133098
14736 291 175929 14418 291 145376
18037 80 142988 9475 80 77369
15555 146 177674 8966 146 97450
16180 100 188865 8929 100 85710
13280 63 123284 9000 63 81630
15996 341 192013 11399 341 138990
16018 192 185448 8673 192 109990
13983 162 149936 8408 162 110780
14481 103 158269 6617 103 83051
15105 83 165545 7246 83 86184
13814 163 135406 8618 163 110519
19479 277 222090 10269 277 123446
14851 150 152318 7689 150 88362
20271 423 230198 16586 423 160250
17618 197 193750 8821 197 108050
28384 415 216613 14362 415 169947
21602 253 188894 11449 253 143705
13874 201 151202 7573 201 97635
18718 154 218098 8681 154 109270
