4111262 30308 42297655 3588219 30308 36851554
4048934 30122 42178685 3625616 30122 38091279
3767933 29800 38914721 3582739 29800 37247907
3634197 30421 37486393 3384904 30421 35093190
3641876 29665 37166712 3575175 29665 37458472
3743003 29961 38506706 3179552 29961 33031858
4008192 30407 41408816 3317127 30407 34296317
4188861 29425 43149486 3129769 29425 32388545
3952379 28891 40817076 3043201 28891 31115330
3823721 30120 38937277 3725062 30120 38954301
3768425 30048 38261876 3327352 30048 34520313
3699854 30157 37916635 3334149 30157 34596901
3823966 29164 38862591 3219854 29164 33420312
4088070 29920 42506660 3380995 29920 35119068
3720475 30268 37855508 3375018 30268 34823532
3727485 29316 38040101 3380460 29316 35316100
3924563 29520 40588318 3344381 29520 34741209
4447419 29637 45612787 3629266 29637 37381017
3554450 29063 36364553 3287878 29063 33978175
3870530 30079 39918777 3463199 30079 36159439
4028195 29879 41151092 3370414 29879 34590528
