200054 6966 3098229 182398 6966 2902440
196253 6688 3084355 181114 6688 2832710
223331 6863 3486803 179557 6863 2773921
199975 6845 3118869 183161 6845 2789251
217614 7009 3405406 178356 7009 2834860
207630 6600 3269915 155409 6600 2467906
216332 7921 3326717 195167 7921 3050222
210161 7106 3270443 163706 7106 2587394
210876 7647 3246559 191001 7647 2956307
196649 6765 3076292 169412 6765 2699624
215213 7385 3402459 180501 7385 2799711
219478 6577 3498701 173348 6577 2745042
204390 6695 3200533 174261 6695 2773274
211064 7343 3269702 180741 7343 2807452
205832 7066 3175604 198187 7066 3171120
215632 7569 3296158 195267 7569 3121216
208308 7180 3176109 172357 7180 2718055
212953 7020 3305612 160087 7020 2491508
205812 7376 3210048 172127 7376 2699646
201827 6906 3091519 163765 6906 2572986
205089 6962 3113503 175468 6962 2786021
