44434 166 950958 29213 166 625825
32168 139 702873 28333 139 598324
36944 205 762743 36329 205 797892
31597 174 649108 29189 174 623914
37189 128 778887 26202 128 575447
37962 173 792035 25453 173 561153
32631 206 666924 33703 206 740059
34064 195 687682 37230 195 810888
35212 176 748160 26792 176 568456
43683 210 925825 28372 210 604756
28730 195 588295 30746 195 670445
40268 201 862300 35324 201 769440
37656 140 786630 36032 140 793552
30863 222 635070 27000 222 580326
36640 260 757416 30090 260 669069
38081 222 768044 32857 222 718179
34718 180 722745 38540 180 853581
35695 201 742806 32767 201 699753
36767 183 769872 35194 183 771652
32871 136 675060 30443 136 667969
37133 171 793016 28138 171 599871
