33239 821 354094 18236 821 227835
31722 944 336448 19498 944 226339
25352 735 267158 15255 735 173466
26273 715 270956 16672 715 182813
32574 803 346681 19096 803 230017
27585 697 291640 15292 697 173667
30724 904 327138 18308 904 219711
32934 759 336886 17524 759 213671
40452 746 431347 17606 746 213551
30240 708 325444 16408 708 196338
34523 939 362910 23250 939 282740
29958 894 312724 19233 894 224229
37468 769 381988 19004 769 232726
32669 660 350841 16289 660 199123
27056 701 282253 14916 701 176599
32582 948 355104 18845 948 217000
37360 645 402971 16247 645 203944
45388 999 326330 24961 999 213246
26593 714 249037 18084 714 184919
33021 490 306057 17156 490 184339
32734 607 314143 18747 607 207659
