53906 1783 1013915 46443 1783 1015570
55699 1887 1037104 44682 1887 959932
56316 2233 1025810 46394 2233 936361
56120 1986 1040223 45784 1986 999246
54465 1903 1012202 44646 1903 954006
55648 1951 1032676 45022 1951 964253
55571 1918 1028686 46751 1918 1013346
55978 1966 1049472 43840 1966 933757
58381 2055 1079536 50290 2055 1074181
57971 2071 1044718 45730 2071 945734
55457 1905 1019722 43328 1905 933205
69427 1920 1049689 47248 1920 976288
55992 1903 1030944 43378 1903 915896
54695 1932 1010602 42585 1932 904620
56138 2065 1034084 45272 2065 954820
54206 1892 1018430 42850 1892 921758
55881 1956 1019868 43703 1956 921839
55427 2007 1040500 43270 2007 905832
54127 1906 1020171 43273 1906 916571
55271 2008 1031364 45518 2008 954119
55303 1851 1031520 42769 1851 917536
