33723 153 648807 22357 153 492828
41542 184 798743 23994 184 500919
49849 177 977077 22958 177 490692
49989 230 937015 23873 230 497102
44269 229 870586 21929 229 456187
37512 231 724808 21883 231 478944
40153 211 792061 21042 211 422102
40601 191 796376 18581 191 373425
49811 199 980662 22635 199 479677
43652 224 857896 17787 224 345997
39817 175 792287 24380 175 509575
53308 235 1072385 27498 235 595887
45987 272 913688 23258 272 474681
39717 161 700547 25158 161 484494
47054 254 929644 23607 254 488810
45698 179 903302 20177 179 414516
36911 232 703884 22236 232 472262
39768 170 776512 23178 170 516238
39800 230 774915 24372 230 513135
47678 225 962728 21770 225 460147
50403 213 984569 24626 213 517661
