17032 57 105308 11109 57 72822
14692 51 87200 7131 51 64135
14575 61 103159 7051 61 73458
15030 58 99840 7554 58 76222
9238 37 93907 5109 37 67666
8550 24 82374 4015 24 50816
10529 37 127080 5297 37 72494
13509 58 100584 7207 58 77453
15353 66 103466 8769 66 86492
10366 51 98721 5031 51 71275
9597 44 98228 5923 44 91817
9661 92 102315 5501 92 79023
8756 54 94633 4937 54 68238
7997 14 80886 4535 14 53991
9012 91 98105 6174 91 80048
9830 37 86033 5549 37 64662
8645 14 89267 4397 14 58775
8812 47 92646 5429 47 69595
8189 23 90092 4632 23 59952
9190 49 92835 5113 49 68658
8842 30 89985 5562 30 72891
