186193 6432 2864209 176912 6432 2882016
177770 5404 2797664 141230 5404 2284935
193941 6342 2990674 163269 6342 2599277
195457 6646 3052115 181584 6646 2891753
198071 5883 3214157 165448 5883 2731087
197022 6934 2976014 178719 6934 2785882
201253 6116 3189177 170375 6116 2834111
186647 6648 2893517 170535 6648 2758152
211149 6166 3384416 169163 6166 2718275
190732 6166 3042262 167979 6166 2702620
203400 7137 3129513 177925 7137 2811490
182809 6091 2894909 168789 6091 2742822
186118 5863 2970068 143671 5863 2332569
189931 6283 2936118 170709 6283 2786539
183288 6555 2815436 159629 6555 2558090
170742 5816 2704837 154939 5816 2476709
181553 6566 2789024 157746 6566 2495418
194692 6106 3122900 159033 6106 2559095
176613 5663 2828890 154836 5663 2510220
168282 5696 2662110 152178 5696 2472527
182457 6362 2871073 167449 6362 2641111
