3413937 35020 30185304 2418634 35020 21527638
3713940 35232 33045830 2274109 35232 20566276
3226362 35013 28134609 2253666 35013 20150033
3376673 34907 29393453 2328783 34907 20722845
3573833 34919 31659936 2210383 34919 19533381
3259116 35143 28584342 2758193 35143 25041467
3154601 35070 27485759 2411961 35070 21620047
2856009 34978 24666441 2156377 34978 19280665
3344730 34671 29290211 2321173 34671 20724224
3107626 35158 26909993 2018437 35158 17319336
3154009 35074 27412072 2352092 35074 21168992
3642371 34628 31660506 2266674 34628 20200882
3164839 35266 27836645 2247763 35266 20042744
3704198 35016 32276488 2168197 35016 18876938
3416519 34722 29917034 2146143 34722 18734715
3332494 34977 29250936 2289528 34977 20204103
3592515 34742 31631019 2507055 34742 21894352
2999367 35352 26163596 2190688 35352 19714843
3260760 34917 28670634 2244729 34917 20304500
2754383 35191 23650590 2097021 35191 18678539
3246644 35153 28750111 2121890 35153 19339411
