397642 1542 4714276 166104 1542 2358915
626766 880 6718904 119326 880 1793299
362321 1043 4330035 92250 1043 1469803
412505 839 5630488 116200 839 1868042
360087 694 4961785 104954 694 1862022
380296 908 5165135 90298 908 1515153
434314 1206 5982351 126888 1206 2128108
397645 1008 4325241 118598 1008 2019674
473420 850 6519833 97413 850 1553048
428558 1027 5479270 85774 1027 1281880
403280 895 5259444 91329 895 1429618
427175 1530 5707334 139234 1530 2194960
538848 958 7379567 118507 958 1768810
418048 1723 5534767 121771 1723 1878535
425616 732 5827659 73334 732 1194821
335784 1067 4576364 109613 1067 1768408
350665 755 4731615 93407 755 1494700
340030 1371 4585150 134703 1371 2235683
414222 1081 5582778 138627 1081 2273531
347552 1547 4858037 100928 1547 1552785
449764 1046 5933535 87005 1046 1433341
