32447 114 190903 12580 114 76898
44737 396 265225 24710 396 149577
42853 233 256454 22413 233 139287
51864 444 317800 26347 444 158638
36241 194 220454 18850 194 115041
32331 474 278504 17282 474 132824
27613 269 255588 14798 269 135343
42879 175 254809 19098 175 112247
40370 474 246781 26421 474 160262
33646 448 292961 19847 448 192483
37211 328 281846 23353 328 144872
34847 276 340617 14375 276 134583
43505 433 354087 20284 433 210731
43553 412 363629 18869 412 189359
39739 784 406383 27168 784 287538
51533 566 341729 26426 566 164571
41512 478 286428 24430 478 173508
48513 550 362494 28644 550 185022
37402 402 386090 26430 402 214750
51263 272 323970 21228 272 127481
57630 464 382455 28585 464 196646
