951073 8317 13977042 660554 8317 9757705
740134 6576 10913616 408213 6576 5988361
881957 8680 12779688 575489 8680 8381653
792417 7417 11681255 487055 7417 7026424
771504 7286 11281381 583565 7286 8566400
877907 7779 12790228 517986 7779 7536059
805718 8072 11718559 618249 8072 9107851
708869 7386 10398331 509519 7386 7472689
903823 8892 13190863 653120 8892 9600090
828182 7237 12269746 530652 7237 7892911
904743 8175 13224811 615244 8175 9067969
738959 7514 10699218 539254 7514 7980586
833293 8028 12236217 549885 8028 8061499
794155 7952 11465244 616255 7952 9153767
760161 7281 11121904 592209 7281 8865026
677791 6302 10029697 450630 6302 6675828
868215 8208 12652853 502282 8208 7218956
837179 7120 12447657 627417 7120 9448433
610369 6094 8768425 397992 6094 5806554
769692 7994 10964053 610110 7994 8597374
600352 4953 8961100 362358 4953 5259775
