238998 8194 3785964 187566 8194 2907068
242079 9526 3705470 225689 9526 3491549
245338 8381 3869950 199828 8381 3145350
236396 7884 3744619 197772 7884 3170332
226209 7885 3510237 187413 7885 2949066
222148 7409 3519549 183636 7409 2825376
213112 7435 3371462 200110 7435 3221150
249657 8306 3901802 221176 8306 3549995
229354 7575 3617809 185458 7575 2932005
313270 8560 3607349 199805 8560 3110607
228027 8510 3583524 196520 8510 3040631
222019 7753 3492101 188671 7753 3011603
246198 8609 3817680 203672 8609 3162158
237303 8559 3690331 201060 8559 3209413
222114 8181 3413897 199379 8181 3131511
225043 8063 3529825 207814 8063 3213148
224845 7693 3537274 190384 7693 3057737
243277 8384 3761191 207585 8384 3266778
239654 8841 3672823 226176 8841 3644470
340001 8212 3733234 244109 8212 3404756
267065 7392 3781243 199633 7392 3151321
