4485256 30714 44926933 3770736 30714 38947095
4233662 33186 41157680 4063245 33186 41506513
4426803 29600 43980868 3587903 29600 36027430
4526923 32142 46192924 3599780 32142 36675213
3865843 30751 38362581 4066417 30751 41396556
3748748 29729 37381475 4178221 29729 42487631
4411192 31003 43867084 3660231 31003 37188324
4001939 31911 39882791 4323581 31911 44736466
3768183 28007 37556830 3786042 28007 39268118
4094399 31283 40774076 3826434 31283 38829815
3686155 31294 36216817 3949653 31294 40350401
4838528 31350 48548163 4357768 31350 44982197
4430368 32061 43755836 4642687 32061 47615131
4887143 31715 49453588 4259783 31715 44662428
4442787 31171 44095874 4278069 31171 43988933
4423462 31909 43874117 4754315 31909 49045963
4145689 28312 40940788 3646809 28312 37281884
5305614 29756 53257542 3716154 29756 38181574
3920885 30443 39335763 3854920 30443 39676008
3930039 32452 38780165 4227750 32452 43003115
3889596 32614 37735356 4594274 32614 46410410
