235806 8674 3659307 219795 8674 3419758
218497 7513 3366564 189593 7513 3030531
248856 8985 3857405 198629 8985 3033104
232495 8993 3586435 194311 8993 2904616
241567 9536 3598761 199798 9536 3047802
227718 8712 3493102 194561 8712 3004028
235184 8849 3583460 193585 8849 2967802
231997 8801 3554129 198000 8801 3078998
222876 9205 3393210 205087 9205 3086531
223823 8336 3396482 189033 8336 2920526
290922 8640 3580818 283483 8640 2900238
271719 9884 3596741 242958 9884 3241241
259351 9799 3522463 208850 9799 3176003
247367 8586 3792317 193187 8586 2942928
241633 9312 3710854 220793 9312 3416787
237548 8521 3690878 211552 8521 3374632
230137 9170 3475987 218404 9170 3408139
224870 9003 3471015 207492 9003 3226954
233214 9135 3602832 203298 9135 3120473
241788 8648 3747407 183938 8648 2826525
297707 8283 3679359 223688 8283 2871916
