52525 1963 487777 33488 1963 420617
38534 1852 546524 30194 1852 542634
33646 1347 508575 22562 1347 420731
36041 2493 510659 31052 2493 526131
36697 2559 515175 28747 2559 463044
36680 1732 548046 20714 1732 352720
31549 2113 458632 27502 2113 470892
35548 2582 504801 35644 2582 621933
35668 2027 508929 33702 2027 617234
29916 1913 490758 25871 1913 541019
28112 1894 464527 25909 1894 537013
29717 2052 483031 27750 2052 542656
27653 2282 451687 24322 2282 449342
28551 1322 482348 21117 1322 438829
31474 1866 529463 23211 1866 459283
30666 2033 506456 25280 2033 504671
31172 2577 502895 28300 2577 525732
33386 2240 542104 28852 2240 582041
30516 2251 475808 25809 2251 491568
33575 2103 565482 28803 2103 592651
31353 1553 499221 23530 1553 489016
