221319 7206 3365189 195416 7206 3023127
218478 7057 3328919 178405 7057 2806003
213491 7220 3255159 197250 7220 3134723
221455 7120 3354285 188182 7120 2958560
220914 6667 3354537 179403 6667 2866817
219776 7198 3351810 170030 7198 2657749
228384 6983 3538873 170571 6983 2716911
219339 7048 3341374 169204 7048 2606338
216263 7214 3278299 191581 7214 3035770
226384 7379 3372722 172503 7379 2657524
216709 7207 3295693 174454 7207 2749245
217406 7043 3327893 176937 7043 2778878
230309 6931 3606280 210161 6931 3380382
226397 7166 3442228 194535 7166 3099028
221074 6739 3424895 167033 6739 2631674
218775 7357 3343722 197518 7357 3058316
230031 6770 3565968 182491 6770 2772828
219335 7136 3329715 185173 7136 2979807
222308 7503 3403252 189066 7503 2979860
216969 6963 3337310 170882 6963 2646990
231849 7202 3626275 178774 7202 2789394
