817519 17466 10324324 587501 17466 7288002
708550 16797 8828290 546263 16797 6739046
687345 18056 8442249 629553 18056 7859628
750074 17642 9407308 630488 17642 7892735
668960 16780 8163489 568315 16780 7022160
650465 17117 8015470 539586 17117 6634940
753458 17711 9378515 645258 17711 8116969
930649 18665 11849837 698852 18665 8879852
715203 17321 8912269 582837 17321 7307048
676304 17364 8217180 601528 17364 7458863
749821 17550 9295160 613381 17550 7561749
713664 18154 8676454 591332 18154 7192265
735319 17983 9134838 652671 17983 8200477
763703 17988 9534072 585114 17988 7192358
741523 17877 9201000 614688 17877 7685455
695175 17196 8528654 589190 17196 7353091
629477 17184 7594610 638426 17184 8069066
716968 18150 8736173 621290 18150 7672702
681804 17232 8384262 603817 17232 7524567
759724 17084 9513855 558096 17084 6833158
723844 18330 8958347 672921 18330 8507947
