1361329 6511 16429564 1668430 6511 17295791
1469132 8463 16791855 2598533 8463 27132942
1251688 6877 14964835 2095906 6877 21395317
1002604 5035 11543557 1028263 5035 10647773
1195312 6634 14045536 2260927 6634 23164399
1248811 6883 14837104 2107054 6883 21562167
1241207 6316 14217106 1552072 6316 16400070
1114256 6372 13282404 1731036 6372 18363004
1080295 6255 12647278 2082109 6255 21761229
1124363 6107 13293286 2127112 6107 21599020
1177080 6706 13933834 1825516 6706 18822219
1195958 5841 14463572 1857043 5841 19506993
1186138 6648 14401391 2321881 6648 23777848
1331090 7939 15101434 2181693 7939 22855717
1488582 8279 17820410 2365213 8279 24490119
1319739 7910 15276691 2934121 7910 30094268
1245769 6616 14309555 1865094 6616 19582328
1305596 7919 15001458 1983205 7919 20018074
935911 5689 10733430 2377106 5689 24216488
1144159 6442 12988655 1974119 6442 20038387
1205970 6717 12995722 2071113 6717 21568009
