48778 3269 832839 41882 3269 772331
54932 3406 955299 47871 3406 898992
52783 3739 891787 47640 3739 884457
45986 3126 787903 43668 3126 809545
50221 3348 875076 46981 3348 879308
50736 3472 869927 50132 3472 928517
49957 3631 853238 47183 3631 860227
47621 3131 830979 44164 3131 822252
50352 3689 865574 48739 3689 862212
54352 4209 899289 48857 4209 865670
45107 2614 806435 44019 2614 899041
48777 3741 834164 46147 3741 839533
52461 3773 895402 46694 3773 852075
36953 2038 681730 34653 2038 695098
53541 4365 896552 51786 4365 888321
50261 3542 863782 45231 3542 836245
53901 4097 899617 48003 4097 844611
48971 3490 860250 45153 3490 851679
56434 4053 966831 50773 4053 903337
50137 3569 843567 45491 3569 840408
55013 4314 897480 50920 4314 899612
