32281 361 270203 25818 361 206665
53564 512 336798 32475 512 212376
38882 549 375800 38739 549 226040
32973 478 306400 20142 478 190788
40508 396 420436 19460 396 183872
53341 554 368709 25820 554 265545
38243 541 379176 21725 541 220834
58234 674 420824 33987 674 227856
39910 382 312474 17749 382 161774
64318 438 406432 31106 438 221430
55396 230 343018 23273 230 152687
57257 351 374907 26501 351 165176
57666 682 421182 32558 682 254239
68811 811 443542 40338 811 273153
48209 543 467501 26971 543 185015
47177 675 490841 24828 675 262284
49662 591 284918 30072 591 181978
57654 592 484695 38046 592 272319
36347 761 350382 30174 761 185370
36864 552 355262 17405 552 160225
37927 560 267774 24782 560 179892
