3226 1 76072 1862 1 44425
3356 2 81459 2156 2 53488
6710 11 175546 3164 11 80354
3744 1 89613 1810 1 43205
3326 3 79448 2267 3 55462
3688 4 88764 2369 4 58141
3548 4 84848 2521 4 62883
3188 2 75568 2228 2 54622
3235 2 76374 2070 2 50717
3038 1 71617 2142 1 52268
3357 1 77834 2228 1 53922
3073 1 74032 2130 1 53686
3973 6 98294 2361 6 60321
3532 4 83634 2199 4 53626
3969 4 96294 1978 4 48767
3694 2 91120 2074 2 50250
3647 6 88955 2304 6 56241
5081 1 130167 1972 1 47573
5570 3 145143 2222 3 54018
3181 2 75702 2239 2 55607
2801 1 67714 1982 1 49637
