218725 4755 3609373 155689 4755 2663598
195676 5211 3160552 155708 5211 2582493
213848 4654 3548641 152110 4654 2580604
195171 4835 3095550 151879 4835 2555492
209194 4713 3423836 155174 4713 2644167
201659 4778 3287998 151662 4778 2591933
200809 4865 3300448 155515 4865 2654337
276808 4554 3428553 149082 4554 2536073
197541 4716 3265564 156021 4716 2647186
208346 4993 3443456 148071 4993 2431487
195306 4513 3171703 140307 4513 2405853
211730 4663 3506891 139441 4663 2364353
202566 4916 3351257 165502 4916 2829462
189214 4764 3109986 152525 4764 2564889
194486 4887 3177109 139573 4887 2285353
206541 5108 3379429 168426 5108 2858229
203282 5098 3424342 153054 5098 2544997
214931 4737 3544163 171958 4737 3008741
200133 4898 3245323 152436 4898 2567746
194237 5027 3111491 169242 5027 2845860
196940 4741 3256398 149701 4741 2520188
