3735452 23428 41314418 4378894 23428 48934225
3583469 21666 39985332 4333393 21666 48960222
3551652 24064 40376012 5052674 24064 57103924
3695951 26401 41287556 5482449 26401 61447645
3598285 24087 40206890 4486403 24087 50473194
3622440 23617 39816349 5019158 23617 56072759
4000073 24516 42667492 4751657 24516 52183096
3409349 23545 38470502 5279597 23545 59207642
3728711 25429 41780581 4624960 25429 52335589
3411269 23770 37731463 5168361 23770 57881109
3875095 23169 43357699 4329062 23169 48213187
3721283 25634 41882090 5620987 25634 63296103
3631313 23549 40378019 5205750 23549 58154456
3648903 21611 40106175 4980626 21611 55454738
3580283 21797 39585524 4428312 21797 49792593
4060213 24502 45383094 4752521 24502 53890729
3820485 23814 42905261 4512512 23814 51150400
3680670 25107 40842567 5174693 25107 57053348
3540410 22285 38248845 4420322 22285 47898709
3512404 21378 39616954 4504281 21378 51485086
3767940 25999 41016539 5152468 25999 56521661
