12713 36 298576 9388 36 213596
11413 34 257081 10982 34 271430
12438 36 292481 13150 36 333676
12329 26 286764 10290 26 251399
10780 31 242178 9955 31 234894
11186 33 252253 9653 33 226794
12763 48 295668 10434 48 245138
12037 32 277457 11025 32 271807
12693 31 283109 9695 31 225998
13839 42 327793 9676 42 222889
11868 20 272390 6301 20 128352
11654 28 270914 12490 28 310992
13261 37 317673 11177 37 271513
11024 26 250297 8963 26 206069
13513 35 324319 9830 35 230677
11513 35 270163 10633 35 254986
12307 34 282765 9496 34 221765
11564 34 267921 10418 34 248060
12472 31 297401 10527 31 251503
12703 28 297273 11059 28 267639
11790 28 275949 9184 28 212505
