1414334 12489 13351625 1402208 12489 12819917
1370692 11869 12787573 1247244 11869 11763546
1508148 12222 14340429 1477870 12222 13687102
1623005 12569 15109602 1452640 12569 13202830
1413992 13163 13068624 2285895 13163 20509396
1260614 12542 11808344 1713637 12542 15759703
1301860 11844 11936050 1456161 11844 13383693
1566187 12310 14532928 1523347 12310 13843469
1778481 12796 16969124 1528106 12796 14156250
1212639 11981 11183517 1837327 11981 16819798
1335851 12930 12470000 1561886 12930 14463334
1368872 13016 12807360 1470421 13016 13708217
1350105 13079 12286812 1528499 13079 14211116
1332995 12687 12296805 1673979 12687 15332327
1481621 13514 13849526 2281714 13514 21123413
1404556 11472 13026988 1503814 11472 14105909
1342430 12389 12097674 1688063 12389 15584686
1713142 13388 16127292 1519177 13388 14286172
1217627 12057 11148955 1556931 12057 13921372
1479455 12644 13767144 1370180 12644 12972565
1342794 11429 12476326 1595653 11429 14378962
