148858 1248 2199198 101725 1248 1536457
154057 1135 2327604 63744 1135 1019827
174612 1480 2580692 98487 1480 1574908
176508 945 2679011 58818 945 922927
167699 1471 2402232 104152 1471 1620859
193861 1186 2956882 94297 1186 1562739
184619 1279 2775704 87497 1279 1325938
174549 1883 2550953 124847 1883 1913142
237977 1704 3549554 107523 1704 1770471
178256 1543 2697856 99328 1543 1627491
211210 1612 3043973 107999 1612 1646398
167865 1242 2549389 104446 1242 1712323
156043 994 2350015 86256 994 1451252
168411 1439 2460825 91830 1439 1416374
186220 1830 2759045 108681 1830 1729159
199962 1492 2988977 120150 1492 1895037
180577 1596 2716119 109112 1596 1721948
160167 1855 2383931 114010 1855 1760939
160312 1450 2427015 76339 1450 1188157
187003 1290 2741848 110617 1290 1764528
198985 1328 2942382 97500 1328 1549215
