3550789 18449 39465935 3271253 18449 34550735
2938743 16447 31908358 3684341 16447 38261472
3367328 15901 36481284 2789127 15901 29595494
3145579 18710 34408233 3459564 18710 36023093
2807322 15587 30081621 3172128 15587 33231548
2909574 16723 30732105 3186316 16723 33025688
3246014 17709 35431496 3357332 17709 35617916
3098141 17803 32841476 3782180 17803 38863356
2997405 17017 32869056 3067458 17017 32324496
3470888 18748 38010148 4285558 18748 44694611
3205393 16612 34375653 3354458 16612 34825753
3121095 16347 33968432 3061962 16347 32031681
3022171 17389 32782552 3268252 17389 34480092
2743925 13949 29509148 2706254 13949 28132515
3260861 17994 35598737 4331510 17994 45378251
3122012 17868 33836150 3605299 17868 37952857
3005877 18691 32528997 3563599 18691 37240350
3291919 17472 35634220 2921874 17472 30754770
2877591 16252 30783231 3471714 16252 35838034
3201709 16588 34804023 3902622 16588 40562702
3071959 17691 33724661 3608208 17691 37973904
