39370 1199 776179 33580 1199 754967
37413 806 744061 32768 806 779345
38298 1033 754086 34544 1033 799763
38718 1005 754486 33036 1005 772737
40607 1255 805037 34173 1255 775489
39605 969 781066 32274 969 745675
36339 639 741877 27786 639 654194
38910 1131 765103 32670 1131 742646
38437 929 773611 32959 929 767445
37769 866 761226 30356 866 695697
38803 918 767851 29482 918 673959
37141 712 753682 30398 712 714685
38500 957 752096 31663 957 712305
38077 920 766280 30761 920 701781
38791 1175 717693 37474 1175 739688
38319 934 740056 33537 934 786030
37599 856 756253 29231 856 679131
39268 1090 790127 29905 1090 678571
38010 819 761966 29017 819 664614
39668 1153 791758 33804 1153 762999
37353 940 741837 29457 940 672717
