123376 9209 1549533 98091 9209 1154449
120621 9249 1564546 94402 9249 1140600
125174 9273 1627978 92372 9273 1103665
127863 9461 1657682 100346 9461 1256065
127956 9388 1661820 94876 9388 1108192
113590 9305 1434729 93173 9305 1096948
125416 9345 1599219 100810 9345 1199763
124361 9334 1502371 100492 9334 1120788
122707 9148 1604769 104458 9148 1308264
118360 9152 1513799 89618 9152 1099591
129366 9471 1655462 103300 9471 1233789
123644 8402 1634750 97851 8402 1218325
109413 9173 1381015 97764 9173 1230781
127704 9297 1686306 107380 9297 1281384
120264 8898 1568488 98300 8898 1226737
128574 9145 1671096 96780 9145 1168353
114189 9453 1427321 97683 9453 1208660
122819 9164 1576736 106098 9164 1299954
119755 9202 1539759 88940 9202 1098714
113264 9254 1476432 92888 9254 1141731
127932 9053 1699185 90637 9053 1092219
