235728 1120 3288349 134502 1120 1990202
374362 2668 5376365 151701 2668 2271941
237170 1826 3307925 166888 1826 2590933
310120 3317 4234753 224852 3317 3324608
263315 2108 3657243 189762 2108 3023304
252822 542 3572345 83915 542 1282296
226832 864 3180959 101505 864 1615791
275306 2269 3775011 247065 2269 2483037
377515 3484 4675156 275933 3484 3714098
310730 3142 4339252 200881 3142 3031067
333705 3023 4626532 180644 3023 2677407
313421 1751 3818184 176312 1751 2422828
298382 2302 3893806 182762 2302 2686532
378492 4433 5229270 225600 4433 3096389
259210 2110 3645324 176892 2110 2462733
277156 1972 3837599 141515 1972 2177186
257607 2760 3466706 142863 2760 2084401
356168 5064 4681504 301944 5064 4143540
328859 4195 4354089 180257 4195 2450753
313914 1765 4466722 175492 1765 2651709
320895 3230 4390282 144450 3230 2052551
