1625211 18754 22476346 943725 18754 12478018
1911545 19391 26785765 967486 19391 13177433
1446156 19621 19536498 902163 19621 11982123
1879206 19114 26318195 1080827 19114 14906379
1618389 19581 22118103 936204 19581 12570666
1629072 19828 22338161 920471 19828 11977573
1653927 19886 22858543 969286 19886 13036394
1900018 19426 26512143 944230 19426 12554061
1839669 19533 25641491 1025068 19533 13829243
1983651 19954 27905375 978050 19954 13109622
1624936 19250 22312768 960412 19250 12855897
1596977 19825 22183556 1100066 19825 15189708
1798012 19973 25107919 1118450 19973 15336511
1935757 20154 27124941 986088 20154 13192322
1784008 19287 24257454 1042278 19287 14158965
1685799 19388 22846072 956456 19388 12637286
2094286 19998 29444167 893266 19998 11692313
1768971 19222 24613342 852196 19222 10851619
1921953 19312 26614361 837089 19312 10843486
1877586 19104 26220172 1035390 19104 14016346
1797942 19065 24877645 960300 19065 12747524
