302145 5270 5336643 243103 5270 4413747
294989 4729 5354127 221853 4729 4021329
333935 6004 6003097 299390 6004 5472722
339982 5716 5947152 287326 5716 4932063
315430 5154 5574471 242233 5154 4320203
246015 4229 4424695 195544 4229 3524192
315154 5638 5491914 277884 5638 4927113
321255 5825 5666291 285963 5825 5081025
320886 5700 5639112 275746 5700 4873310
320499 5687 5627864 278513 5687 4781928
283195 5047 5044810 232830 5047 4124230
342914 6031 5950797 295608 6031 5238223
211457 3170 3924564 146398 3170 2760006
326512 5471 5727975 248222 5471 4401996
241859 4079 4338189 194970 4079 3568102
289332 5133 5150880 230227 5133 4143218
211999 3991 3888907 193662 3991 3420691
226304 4110 4125105 187552 4110 3426184
312370 5718 5453000 301789 5718 5412245
263626 4912 4675544 239268 4912 4358938
337389 6061 5909091 283207 6061 5073996
