4942082 28574 49865846 4143746 28574 43626240
3823524 27605 37978846 3603868 27605 36784380
3749799 28492 37708978 4273637 28492 44290183
3687221 26940 36564318 3729340 26940 38155046
3364698 25128 33889238 3985145 25128 41715655
3795635 26951 37926549 3677965 26951 38591141
4168893 27040 41550081 3555558 27040 36388049
4013840 26505 40687524 3349749 26505 34372325
3551649 24796 35647293 3255251 24796 33178928
4204843 25379 42645396 3897824 25379 40864671
4104641 26975 40878155 3220203 26975 32887160
4120638 23727 41429889 3442674 23727 35628072
3341349 27112 33281812 3561473 27112 36259377
4435735 27827 44550208 3948664 27827 40893067
3741570 26784 37583496 3746370 26784 38457487
3491441 26550 35235862 3960534 26550 41454924
3617541 26300 36146705 3658159 26300 37612849
4300491 27725 43205317 4639942 27725 48592558
3647796 28496 36667681 3792274 28496 39431430
4321793 27802 44569182 3965464 27802 41313343
3962590 26421 39997607 4146522 26421 42975175
