239115 12211 3394340 198980 12211 2787793
218191 11783 3031404 200034 11783 2829122
245785 11661 3510149 190101 11661 2654694
231093 11842 3215227 190988 11842 2673151
228517 12522 3157619 199759 12522 2772545
243453 12223 3406015 184597 12223 2541101
228969 11433 3222793 182191 11433 2575078
372121 11560 3404417 218846 11560 2710203
254324 11471 3133914 193319 11471 2514114
265931 11632 3796027 165569 11632 2262550
239383 12361 3375241 179787 12361 2473948
214660 11170 2989941 175157 11170 2457943
231114 12242 3236500 185589 12242 2549345
226434 11379 3145559 176626 11379 2445685
239471 12282 3361672 183187 12282 2489776
220615 11221 3000885 163891 11221 2240030
216727 11225 3032574 178971 11225 2484444
377218 11854 3376990 224010 11854 2723937
237350 10711 2910070 194778 10711 2518652
222389 12107 3022922 179801 12107 2459115
233239 12003 3270548 178745 12003 2443164
