4496269 24106 49623869 3249630 24106 34130331
3896266 23437 42507849 2999909 23437 31837868
4342811 23565 48167481 2813294 23565 29407900
3901554 22989 42476764 3094003 22989 32649273
3748920 23608 41154069 2509221 23608 26033911
3984973 22841 43476752 2608428 22841 27065096
4165247 23922 46061053 2964255 23922 30830210
3849037 23213 42343610 3216961 23213 33941331
4132468 23793 45361391 2499225 23793 25868554
4224402 23612 46559834 3118724 23612 32896421
4224085 23184 46449094 3010089 23184 31719266
4197352 22958 46445309 2927599 22958 30291599
3912864 23525 43009651 2998450 23525 31622772
4430007 23232 49517613 2440007 23232 25097706
4054909 23768 44920287 3353017 23768 35336734
4090530 22869 45254674 2890320 22869 30341395
4467558 23510 49778836 2530646 23510 25794917
3860670 23594 42642815 3189732 23594 33487277
4262812 23496 47147948 4064984 23496 43320758
4106802 23551 45405619 2498964 23551 26074512
4293222 23067 47843153 2859646 23067 29920630
