33939 25 670409 12117 25 267888
30078 19 598778 10678 19 232400
34179 41 691918 11224 41 247142
44399 44 907627 11663 44 248958
39646 30 781735 10665 30 240986
36513 45 737997 13694 45 279142
28549 31 560965 9415 31 198796
34860 45 697682 11953 45 265987
30021 22 589614 9198 22 199547
37329 26 752357 12748 26 267663
41472 35 841555 10371 35 222234
27720 40 563162 13046 40 274782
34493 83 694314 15208 83 336086
36966 26 753057 9568 26 206337
32995 31 673808 10527 31 240384
28138 33 561640 12509 33 288517
36946 46 748069 14877 46 336311
39233 35 834131 13720 35 282451
37466 28 741867 12586 28 284411
37849 30 766831 14159 30 319097
42847 41 868905 12583 41 281484
