174660 4785 2927432 140082 4785 2384673
176359 4094 2904793 122239 4094 2130137
189615 5260 3086206 141302 5260 2376230
173553 4450 2886321 144772 4450 2521978
180870 4298 3028735 144523 4298 2524371
197845 4623 3253450 138448 4623 2249008
177124 5022 2888558 135606 5022 2278504
174035 4493 2831267 150278 4493 2693572
177738 4557 2979236 128177 4557 2161449
163250 4725 2683282 132419 4725 2236728
166334 4290 2712782 138952 4290 2435040
240140 4541 2858462 133302 4541 2272242
186187 4821 3066379 156563 4821 2675982
170935 4740 2818413 127263 4740 2131151
187370 4647 3095535 132137 4647 2253125
192682 4924 3149226 140061 4924 2369689
174280 4187 2937667 138326 4187 2375497
181581 4456 3084743 130735 4456 2211598
188438 4643 3117987 129834 4643 2173750
168751 4704 2808668 146567 4704 2540568
186111 4772 3056042 135966 4772 2263034
