724930 8199 9727260 333598 8199 4278183
663921 7322 8943748 323157 7322 4264953
684567 9524 9118146 384233 9524 4900542
715894 9209 9449452 412602 9209 5472532
652586 8661 8622565 366797 8661 4795550
741454 9793 9893505 380246 9793 4883066
703464 8357 9400778 370393 8357 4908977
661149 8107 8828342 362994 8107 4753321
712335 8573 9552588 386617 8573 5002073
720907 8445 9657843 349908 8445 4510353
743438 10304 9726883 473079 10304 5115572
839814 7282 10054245 334304 7282 4470492
670099 8131 8934502 333606 8131 4339333
655884 8066 8809161 328031 8066 4382024
722612 10089 9519822 388716 10089 5066370
744252 7904 10022718 287324 7904 3788004
684417 8875 9122428 459831 8875 6371872
722571 8591 9792966 303270 8591 3992470
754657 8683 10081902 331379 8683 4375651
704726 10298 9409325 389096 10298 5087696
702376 9244 9526253 381426 9244 5104786
