975329 4945 10387669 606700 4945 7103849
1011369 6683 11121032 520683 6683 5667034
1119423 8147 12126105 731521 8147 8133314
1081288 6559 11528057 788550 6559 8937983
916208 5093 9349257 551093 5093 6000099
1020854 5833 11309181 572776 5833 6757619
929714 6286 9927104 460075 6286 4934344
1165039 6967 12598791 764271 6967 8660125
1208188 5252 9929597 808556 5252 7319137
1751477 5799 12356920 952865 5799 7400810
1429661 5458 10829001 686976 5458 5814537
1479456 5909 10889068 812750 5909 5623625
1663397 5228 11910176 720299 5228 4976814
1422694 7249 11254684 973601 7249 8406663
1358881 7125 11059645 886349 7125 7613577
1349602 7313 11415472 978671 7313 8590782
1361260 6734 11198588 890427 6734 8675485
1276689 6255 10568042 686008 6255 7075808
1597420 7433 12319784 908612 7433 7287204
995263 6075 8415691 721389 6075 6252812
1356111 6160 10301182 673035 6160 5302588
