41387 745 298448 36169 745 266652 34516 745 256975 32583 745 247146 28924 745 226872 23973 745 199284 23726 745 202071
43442 606 305090 38478 606 275834 31276 606 237487 27338 606 204229 25662 606 204153 21697 606 188472 21836 606 188291
37968 614 276945 33833 614 249339 31075 614 235057 26804 614 203931 21060 614 185917 21219 614 197055 22632 614 197350
37935 643 272634 37217 643 266388 34027 643 245960 31192 643 241098 26511 643 218220 24339 643 212332 22288 643 199799
33412 579 238295 31549 579 229128 27069 579 206849 24165 579 190165 22174 579 181309 19385 579 163760 19336 579 163598
40014 1122 281243 37399 1122 267752 36747 1122 266438 35919 1122 267187 33813 1122 262202 29789 1122 237392 30108 1122 240840
39425 799 281111 37329 799 266679 35132 799 259933 32275 799 245995 28325 799 230316 23653 799 202879 23795 799 205658
38598 426 267507 30751 426 222532 30764 426 222512 26624 426 199997 18084 426 154849 17247 426 159303 16684 426 155261
40576 795 284910 35618 795 257295 32950 795 249331 31132 795 242576 26803 795 226390 23431 795 200449 24042 795 215240
50618 982 360175 45045 982 314165 43550 982 306359 38586 982 279926 33602 982 255538 31199 982 247336 29350 982 235809
38509 667 275380 30549 667 217054 28893 667 221869 24665 667 185874 21091 667 166661 19990 667 166380 19928 667 165796
37939 644 272521 36084 644 268930 32620 644 252004 30641 644 250255 24605 644 205577 23414 644 206006 21275 644 192990
37567 424 279886 32084 424 233306 28291 424 216071 22649 424 173306 18960 424 155687 15143 424 130237 14771 424 128840
35811 598 265407 31290 598 224956 29777 598 231188 26474 598 200462 22026 598 177187 18593 598 164818 18389 598 163049
32886 618 237285 29087 618 213644 27138 618 212059 23195 618 175663 19950 618 160195 18598 618 152150 17289 618 141738
34273 562 250031 33805 562 251556 30530 562 233419 25339 562 194660 20354 562 169276 18339 562 162033 17712 562 157957
38604 801 273710 36378 801 271633 35062 801 260391 30266 801 242273 28730 801 229520 25284 801 206822 24766 801 203067
41320 904 274168 38126 904 277284 39557 904 282859 34488 904 247807 31146 904 241796 28510 904 228138 26091 904 208462
48165 914 350284 41513 914 301457 37110 914 270616 31709 914 239315 25975 914 201973 23698 914 194082 23604 914 193473
35119 637 245811 34456 637 251935 30304 637 220513 26039 637 199870 21995 637 177358 23055 637 194157 20512 637 173997
47474 834 346113 46066 834 339119 42562 834 321383 38282 834 290976 31843 834 258074 28586 834 235876 26414 834 217647
