890218 4945 9689646 959654 4945 10712297 1003466 4945 11283718 1084001 4945 12387645 786184 4945 9103456 648581 4945 7601075 562553 4945 6867954
1097345 6683 12597100 1086841 6683 12524955 1086796 6683 12751061 1041582 6683 12191874 848080 6683 10020659 765421 6683 8961397 684194 6683 8158593
1012107 8147 11550253 987372 8147 11214552 949176 8147 10816875 970605 8147 11116811 922052 8147 10687960 777731 8147 8986802 657963 8147 7544654
1059362 6559 11844622 896610 6559 9922884 904250 6559 9997347 756135 6559 8347287 746757 6559 8447260 595442 6559 6640588 686099 6559 8011155
793957 5093 8286647 918540 5093 9952315 789691 5093 8407596 612389 5093 6363293 570218 5093 5980537 567306 5093 6155128 543706 5093 6151293
940568 5833 10915846 895018 5833 10477164 841277 5833 9774718 706618 5833 8291903 666967 5833 7961714 621966 5833 7661420 422758 5833 4905216
914442 6286 10256475 973180 6286 11179107 975015 6286 11172157 882194 6286 10209640 666757 6286 7671038 628307 6286 7338034 506780 6286 5874528
1000148 6967 11155861 1186336 6967 13491232 1056410 6967 12060315 995007 6967 11301516 980806 6967 11213568 745864 6967 8483938 673384 6967 7936405
842660 5252 9450717 952683 5252 10762310 690141 5252 7754912 710497 5252 8033322 686254 5252 7893500 633426 5252 7495045 544753 5252 6354563
922830 5799 10477476 786881 5799 8709440 856257 5799 9679455 870892 5799 9889574 696222 5799 8015510 539995 5799 6085944 547687 5799 6476597
1069138 5458 11527170 884914 5458 9406126 1152645 5458 12736416 948763 5458 10493606 667544 5458 7107597 545924 5458 5974673 495828 5458 5612977
922459 5909 10294531 1019520 5909 11531002 920507 5909 10381842 1007530 5909 11459727 787827 5909 9072427 650150 5909 7320489 467084 5909 5501350
906518 5228 10271900 1000063 5228 11466800 968783 5228 11301651 828308 5228 9581955 667312 5228 7776583 724690 5228 8779579 470162 5228 5516096
1169684 7249 13509744 838140 7249 9586395 827667 7249 9529042 920997 7249 10753115 738974 7249 8661360 685465 7249 8218591 728777 7249 8791308
973792 7125 11085366 938318 7125 10814711 925144 7125 10588037 926347 7125 10634028 782504 7125 9141806 666061 7125 7718006 771870 7125 9172812
1109792 7313 12641483 1064521 7313 12317744 997888 7313 11450106 994522 7313 11420417 858956 7313 10011326 790948 7313 9071697 718255 7313 8541824
953065 6734 10827001 979496 6734 11268728 962313 6734 11069208 1002783 6734 11751977 804674 6734 9469179 669596 6734 7764961 684305 6734 8289793
940025 6255 10724554 810745 6255 9119395 928614 6255 10864303 852623 6255 9908341 775573 6255 9154020 787063 6255 9400450 564340 6255 6588592
964727 7433 10882778 1052232 7433 11908666 993941 7433 11241974 962716 7433 10810707 849549 7433 9585072 908687 7433 10737217 578911 7433 6432472
682507 6075 7490328 757892 6075 8463479 681695 6075 7774667 728508 6075 8440727 651909 6075 7415142 570184 6075 6660946 506549 6075 5959220
932780 6160 10322686 1056085 6160 11804290 978981 6160 11140248 835630 6160 9388893 741254 6160 8357413 786878 6160 9219246 524204 6160 6329112
