109118 1342 1038836 95931 1342 868198 91015 1342 861893 89116 1342 883105 69840 1342 730680 55027 1342 557977 53919 1342 548168
79441 650 726573 77518 650 740614 61530 650 587095 57842 650 578414 37576 650 397505 27130 650 289240 27107 650 289040
98587 806 925145 79039 806 763247 66696 806 634576 58500 806 593696 44955 806 466372 35176 806 387756 34959 806 386882
86976 805 740366 68052 805 575672 62280 805 545746 53436 805 507877 36069 805 346082 34778 805 361737 34331 805 358427
95045 1203 841218 91471 1203 847231 90516 1203 844866 70917 1203 686606 58356 1203 594420 55028 1203 576550 55272 1203 575166
78421 1029 720624 65716 1029 614459 57151 1029 516509 53219 1029 505551 48956 1029 529463 39963 1029 415610 39845 1029 413095
80751 942 717262 75994 942 695007 68779 942 639111 62407 942 602750 54889 942 592558 44556 942 469954 44138 942 469564
76361 608 703945 61687 608 530569 66678 608 640162 54108 608 523656 37093 608 402186 29934 608 311438 29411 608 306694
117266 1295 1060248 98759 1295 931237 82260 1295 740799 72441 1295 675603 53779 1295 536005 52012 1295 533250 51125 1295 527030
84372 916 752605 76303 916 672194 68829 916 644465 62340 916 609812 46140 916 496840 45041 916 483030 44718 916 480537
83034 1270 777907 75060 1270 705591 62807 1270 600519 68015 1270 730905 46827 1270 452559 46030 1270 473537 45541 1270 471129
99730 917 952908 89237 917 834492 82565 917 801227 69464 917 670959 45704 917 463103 42696 917 478094 42462 917 475369
74300 582 667537 64360 582 568318 54242 582 492305 41250 582 392830 31333 582 335265 25514 582 266566 25405 582 265943
84606 743 769630 63356 743 614084 54297 743 496322 53916 743 528587 47570 743 519607 36160 743 384724 35909 743 382640
105254 890 1000206 93187 890 869912 81377 890 796619 67490 890 668950 47070 890 509743 40561 890 462896 40040 890 459759
78013 724 704371 68634 724 637919 59063 724 556328 47430 724 456319 29851 724 263904 28045 724 280187 27923 724 279300
75339 533 647545 63205 533 569910 52408 533 464700 42474 533 400184 44657 533 469477 19635 533 173697 19484 533 171865
85651 1230 746968 73657 1230 638136 75339 1230 702226 68414 1230 673622 50464 1230 463707 63469 1230 673472 62500 1230 665617
79382 882 721274 75058 882 685619 63855 882 592731 57123 882 569329 55385 882 610154 34849 882 384809 34614 882 384095
68925 1129 613716 72342 1129 684734 58056 1129 533794 48729 1129 459987 46944 1129 491359 41677 1129 432910 41505 1129 432328
102901 875 972446 94958 875 936595 80322 875 783099 69671 875 671564 46013 875 497618 37511 875 427507 36655 875 419732
