136578 1248 2102902 143254 1248 2237175 140064 1248 2224806 130457 1248 2064965 94779 1248 1513466 95681 1248 1580467 93374 1248 1555396
153899 1135 2456574 145530 1135 2320772 135862 1135 2188299 145234 1135 2341446 89419 1135 1464570 99844 1135 1651650 64569 1135 1097213
179103 1480 2768812 168042 1480 2643824 166830 1480 2608341 159033 1480 2526837 128932 1480 2094595 106696 1480 1726273 99094 1480 1689788
153698 945 2373412 153506 945 2391484 133317 945 2039793 141185 945 2197240 104918 945 1708452 80307 945 1320757 63856 945 1102396
153916 1471 2443876 141793 1471 2321259 126806 1471 2026763 129464 1471 2088230 111364 1471 1831666 101784 1471 1689139 98027 1471 1627313
163874 1186 2590064 180647 1186 2857485 145767 1186 2240605 148846 1186 2361747 142070 1186 2270519 112948 1186 1827766 71655 1186 1243961
158226 1279 2481485 148553 1279 2303208 123548 1279 1854830 133391 1279 2045082 94100 1279 1498119 85200 1279 1345379 84273 1279 1358222
160196 1883 2462705 145186 1883 2226364 143688 1883 2279367 141219 1883 2245877 113823 1883 1764011 108755 1883 1697180 123086 1883 1991744
195768 1704 3004821 204884 1704 3143861 208953 1704 3226701 166425 1704 2571721 144826 1704 2300300 118804 1704 1864855 103903 1704 1781981
176381 1543 2760661 156166 1543 2422032 138815 1543 2105645 139898 1543 2231372 131872 1543 2113373 120956 1543 2016719 95880 1543 1608451
196640 1612 2985213 189169 1612 2858824 163346 1612 2479820 162097 1612 2474469 128172 1612 1935452 129422 1612 2021030 100153 1612 1610632
136836 1242 2131474 127228 1242 1965520 136329 1242 2184303 118170 1242 1868945 94379 1242 1537430 82667 1242 1343249 81758 1242 1408630
144534 994 2231433 146186 994 2352328 145382 994 2362368 115504 994 1845134 92915 994 1481324 96029 994 1642007 82892 994 1449641
175899 1439 2675794 172331 1439 2621732 166760 1439 2543324 142683 1439 2176790 125830 1439 1976929 98398 1439 1571314 89797 1439 1464752
175842 1830 2713426 159487 1830 2424347 146838 1830 2254974 134710 1830 2089115 124382 1830 1958029 120697 1830 1963216 95355 1830 1522222
156180 1492 2394362 160064 1492 2437923 161956 1492 2536734 168129 1492 2664470 130656 1492 2071993 107273 1492 1713560 107774 1492 1765335
166308 1596 2625040 149810 1596 2331311 160662 1596 2549591 157128 1596 2491050 138615 1596 2259024 108163 1596 1735944 107944 1596 1829401
161067 1855 2497713 128623 1855 1945853 137709 1855 2147064 127959 1855 2033157 118489 1855 1841760 119151 1855 1919941 109405 1855 1742669
169554 1450 2623806 159341 1450 2522813 151674 1450 2412472 151589 1450 2462722 113028 1450 1830177 86915 1450 1420318 75035 1450 1213942
193795 1290 2962478 168786 1290 2605250 160678 1290 2433930 142180 1290 2170823 133172 1290 2063194 107492 1290 1723248 110895 1290 1840542
181026 1328 2794816 179194 1328 2612828 156842 1328 2348892 147963 1328 2242514 125093 1328 1944092 106159 1328 1669264 90461 1328 1466524
