23068 361 277584 19963 361 255944 14723 361 181884 12912 361 173287 13286 361 199343 11539 361 174913 11458 361 174227
24862 512 319537 20048 512 250892 18711 512 247184 16918 512 234721 16094 512 239783 15013 512 226996 14991 512 226989
25053 549 319781 23893 549 305651 22038 549 293673 18974 549 268007 15419 549 218262 15803 549 226549 15671 549 225781
23670 478 293825 20303 478 260618 16581 478 219027 13405 478 189012 14214 478 201612 13341 478 200874 13319 478 200701
32161 396 417573 25538 396 338028 21757 396 292822 20970 396 297710 12094 396 173728 12140 396 178298 12108 396 177793
33282 554 437663 29437 554 385855 23981 554 319291 23295 554 323160 17218 554 254596 18318 554 281134 18367 554 280664
26034 541 335404 23875 541 307178 22169 541 291789 20292 541 279060 16470 541 249960 15506 541 237332 15431 541 236636
27808 674 371770 25394 674 329966 24515 674 324908 24470 674 346364 17747 674 249904 15768 674 218490 15718 674 218328
25948 382 310351 23385 382 288330 17600 382 224388 15253 382 209847 12731 382 182079 11480 382 171383 11429 382 170330
31571 438 400100 29587 438 398661 25663 438 351828 19660 438 268779 17965 438 269714 14526 438 226051 14425 438 225338
26931 230 340253 23907 230 317483 19658 230 272288 16787 230 232534 11446 230 174858 9789 230 150320 9634 230 148467
27522 351 362569 21809 351 303763 21017 351 289290 16367 351 238136 10617 351 147984 9103 351 127083 8988 351 125967
30838 682 389215 28592 682 370462 24323 682 324063 22815 682 315855 20129 682 294462 18641 682 272024 18591 682 271797
32579 811 422669 29655 811 388287 28607 811 385108 23197 811 308588 20434 811 288151 19773 811 282482 19686 811 280935
32073 543 414284 28057 543 373275 24261 543 314525 20887 543 288883 16431 543 238637 13648 543 197103 13521 543 195216
30926 675 387387 30655 675 391763 28726 675 385214 23447 675 318356 20012 675 296795 17742 675 258370 17642 675 256514
21065 591 251794 19769 591 239113 20326 591 269618 16034 591 209632 14649 591 209715 13740 591 189330 13713 591 189255
39382 592 528142 32477 592 429631 28795 592 395213 25326 592 354975 18601 592 268673 17130 592 252425 16914 592 249477
24900 761 312985 22684 761 301563 20414 761 269695 18746 761 250890 18408 761 263192 18566 761 276071 18563 761 276026
27550 552 361385 21906 552 276602 19311 552 255910 17600 552 243786 15189 552 215822 13238 552 185306 13123 552 184687
22135 560 278857 19117 560 244738 16574 560 209256 14092 560 191696 13672 560 192657 13318 560 190280 13231 560 189835
