15636 405 248146 13217 405 217023 12794 405 218163 10993 405 199279 8571 405 154619 7563 405 136868 7405 405 135113
22735 312 349331 20581 312 315872 20214 312 324078 17432 312 285136 11746 312 206661 8924 312 170872 7692 312 148571
23610 705 348611 20357 705 329214 18120 705 299673 15096 705 251035 14106 705 243778 11980 705 208342 10780 705 188045
20990 617 330187 19590 617 317965 17710 617 296420 15871 617 272380 14488 617 257265 13171 617 254297 12193 617 237642
13374 383 212689 11130 383 183240 10737 383 186037 9400 383 168382 8007 383 150343 7866 383 151391 7799 383 150005
17183 457 264186 14952 457 242609 14426 457 248380 12581 457 218094 9444 457 170389 8387 457 157631 8245 457 153648
19653 548 304081 17618 548 282782 17129 548 280842 14453 548 242287 10914 548 188373 9644 548 179575 9540 548 178138
18007 401 284359 15811 401 254236 15016 401 251181 13553 401 244228 11356 401 211421 10688 401 212612 9703 401 196317
20177 793 321744 19389 793 309117 17797 793 290937 16695 793 280584 15276 793 264185 13267 793 232418 13100 793 233343
18707 410 298711 16138 410 263621 15476 410 253726 13484 410 229217 11130 410 210499 10016 410 198023 8836 410 176371
21154 911 330302 20338 911 317276 19446 911 315155 17423 911 283447 16309 911 277241 13822 911 239078 13802 911 238770
19926 533 309032 17367 533 281605 17072 533 284208 13902 533 238534 12950 533 233270 11026 533 199455 9849 533 178692
18231 543 288032 15617 543 246850 14529 543 235193 11685 543 196009 10060 543 173178 8590 543 156554 8483 543 155953
21171 796 321264 19075 796 293457 17871 796 279812 15857 796 258833 13551 796 235090 12956 796 226862 12991 796 226677
25833 770 415339 23241 770 377037 21146 770 347979 19665 770 331897 16936 770 297112 15722 770 285792 14195 770 260111
18587 399 294171 16559 399 262147 15417 399 252496 14429 399 239221 10857 399 194250 10471 399 209327 9499 399 192705
19284 610 292799 18389 610 290877 15659 610 257317 14033 610 236264 11700 610 207064 10847 610 201322 10788 610 200280
22794 645 359888 18252 645 289695 17339 645 288494 15327 645 262320 14205 645 250715 12086 645 212880 10863 645 191347
17721 518 280153 15888 518 252898 14628 518 242770 12474 518 219932 9931 518 179399 9144 518 168317 9010 518 165853
18645 537 294260 17590 537 288250 16358 537 271927 14072 537 239661 12639 537 227620 10821 537 205727 9572 537 185295
20739 634 323570 19441 634 309322 17481 634 291334 15109 634 254329 11380 634 196809 10418 634 176351 10227 634 173614
