9014 179 153994 7039 179 122049 6110 179 110159 5673 179 105438 4955 179 93428 4597 179 88095 4592 179 87543
9251 102 154128 7723 102 136482 6137 102 109759 5738 102 117186 4975 102 105093 4981 102 105676 4897 102 104259
6469 121 112544 5706 121 99816 5084 121 93858 4562 121 87538 4675 121 89281 4557 121 86985 4545 121 86930
7907 51 143084 6781 51 125892 5070 51 96975 4825 51 94408 3960 51 80189 3703 51 75126 3652 51 74622
8380 159 138037 7161 159 125537 6254 159 112224 5364 159 100705 4687 159 88935 4583 159 88427 4657 159 87534
6849 69 120726 6019 69 111574 5411 69 101877 4630 69 88528 3545 69 68940 3315 69 65422 3311 69 65229
6518 119 113036 5221 119 92291 5434 119 104141 5015 119 99572 3964 119 75946 3931 119 76285 3920 119 76277
7164 152 122347 6502 152 111551 5876 152 106395 5755 152 109316 4705 152 90661 4552 152 88065 4564 152 87995
6099 89 103367 5587 89 99033 4737 89 86783 4370 89 86766 4235 89 87930 4117 89 85795 4162 89 85749
8123 122 136739 7241 122 126794 5742 122 105277 4953 122 93132 4309 122 83580 4167 122 80828 4125 122 80794
7231 114 119494 5892 114 103155 5420 114 97286 4454 114 89096 4201 114 83220 4096 114 81706 4067 114 81382
8512 168 143177 8116 168 140948 7334 168 133097 6425 168 120669 5288 168 100632 5131 168 96802 5033 168 96230
7551 59 128452 6437 59 113938 5422 59 103906 5092 59 98478 4153 59 83516 3954 59 79989 3944 59 79923
4916 56 84819 4343 56 77395 4156 56 76656 3300 56 63752 3981 56 62527 3064 56 59567 3011 56 59554
9295 194 156816 7876 194 137261 7148 194 129082 6915 194 132008 6495 194 129570 6787 194 137136 6716 194 136970
8023 170 138165 7192 170 130047 6375 170 117477 5645 170 106421 5788 170 112832 5133 170 101169 4974 170 100429
8324 118 136767 7855 118 140846 6627 118 122473 5289 118 101320 5754 118 110408 4831 118 93673 4854 118 93595
9315 274 153061 8304 274 139551 7782 274 130857 6731 274 121280 6725 274 125802 6152 274 113334 6068 274 113138
8002 93 137863 7327 93 129788 6395 93 118603 5220 93 102413 3955 93 79794 3826 93 76583 3765 93 76416
8395 108 141770 6597 108 116685 5878 108 105174 5586 108 111550 4999 108 98206 4113 108 81114 4038 108 80480
7360 74 124891 6738 74 122113 5152 74 95260 4786 74 92938 3753 74 73394 3519 74 69938 3459 74 69199
