5079 57 108054 4292 57 97777 4015 57 94756 3621 57 88865 3018 57 74334 3025 57 74880 2967 57 73996
4148 51 88328 3653 51 81438 3219 51 76186 2948 51 70960 2837 51 67723 2695 51 66221 2677 51 65998
4680 61 96995 4270 61 92677 3974 61 93150 3738 61 91920 3353 61 84316 3255 61 82753 3239 61 82687
4858 58 103948 4433 58 96701 3932 58 91102 3312 58 78864 3232 58 78726 3176 58 78953 3152 58 78898
4355 37 93292 4080 37 89870 3505 37 80780 3000 37 71326 2829 37 69106 2753 37 66428 2669 37 66286
3986 24 85224 3645 24 80435 3223 24 74375 3449 24 83571 2307 24 56868 1995 24 49190 1985 24 49018
5277 37 112191 4667 37 104487 4113 37 97029 3653 37 88800 2992 37 72773 2876 37 70571 2900 37 69817
4916 58 102153 4450 58 99771 3939 58 91759 3764 58 91145 3862 58 94236 3125 58 77492 3100 58 76697
5022 66 104072 4366 66 96081 4005 66 90914 3408 66 83255 3491 66 87135 3467 66 87672 3448 66 87618
4726 51 101075 4068 51 91002 3615 51 84528 3252 51 78515 3078 51 74935 2941 51 72365 2916 51 72254
4529 44 96301 3833 44 86189 3450 44 80532 3265 44 79243 3231 44 80295 3187 44 80958 3174 44 80537
4957 92 103595 4420 92 95665 3901 92 88234 3447 92 82076 3554 92 87373 3509 92 85881 3452 92 85642
4659 54 96903 3981 54 88629 3690 54 85187 3360 54 81233 3025 54 74208 2883 54 71115 2873 54 71075
3750 14 80858 3203 14 72162 2780 14 66392 2590 14 62426 2411 14 58911 2188 14 54100 2163 14 53991
4741 91 97888 4251 91 93660 3827 91 90073 3610 91 86561 3247 91 75441 3138 91 73314 3117 91 73213
4019 37 85908 3582 37 80246 3207 37 74427 2876 37 68909 2865 37 70317 2821 37 68053 2739 37 67977
4102 14 88403 3525 14 79560 3201 14 74112 2652 14 64737 2316 14 57278 2224 14 53857 2164 14 53750
4142 47 90374 3736 47 84389 3411 47 78861 3086 47 74106 2953 47 71624 2829 47 68877 2811 47 68859
4254 23 92028 3634 23 81713 2937 23 70093 2699 23 65368 2352 23 58009 2199 23 54086 2150 23 53663
4363 49 92741 3823 49 86237 3385 49 78823 3155 49 76602 2921 49 71420 2850 49 70219 2808 49 69505
4262 30 89568 3724 30 83159 3337 30 76816 3116 30 74760 3089 30 75047 3092 30 76172 3105 30 76113
