4185 27 91434 3760 27 84246 3247 27 75668 2899 27 69125 2820 27 69426 2755 27 68500 2737 27 68324
3682 20 81415 3178 20 73606 2969 20 70463 2589 20 62616 2321 20 57610 2177 20 54297 2155 20 54092
3884 40 85030 3481 40 77224 3167 40 70141 2921 40 68506 2580 40 61855 2504 40 58815 2429 40 58592
3732 25 81838 3377 25 78051 3175 25 75257 2975 25 72528 2811 25 68672 2645 25 65666 2626 25 65645
3919 62 85038 3497 62 78049 3282 62 75915 2953 62 69692 3290 62 81964 3190 62 79777 3239 62 79763
3551 30 76670 3297 30 75540 3055 30 72052 2871 30 68732 2775 30 67306 2632 30 64330 2644 30 64323
3855 27 85538 3404 27 78857 3086 27 72774 2787 27 66158 2656 27 64646 2515 27 61070 2448 27 60148
3739 15 81531 3137 15 72894 2798 15 66487 2525 15 61505 2365 15 57326 2092 15 51150 2070 15 51037
3774 32 83436 3405 32 76036 3063 32 71148 2861 32 67324 2731 32 66764 2629 32 65044 2614 32 64942
3325 28 72868 3067 28 68585 2859 28 66391 2689 28 64132 2778 28 67328 2727 28 66756 2714 28 66699
3434 29 73680 3172 29 70964 2937 29 68271 2780 29 66275 2830 29 69170 2878 29 71723 2856 29 71712
3225 27 70138 2917 27 66441 2730 27 64145 2667 27 63848 2572 27 62783 2678 27 66495 2674 27 66483
3237 25 71078 2848 25 64623 2700 25 63225 2589 25 62163 2654 25 65873 2542 25 62886 2516 25 62727
3418 36 74430 3013 36 68844 2712 36 63254 2602 36 61581 2780 36 68128 2750 36 67895 2723 36 67759
4036 37 88886 3653 37 81875 3242 37 75301 3055 37 73246 2882 37 69965 2854 37 69801 2820 37 69482
3776 24 81803 3492 24 79049 3040 24 71306 2713 24 64593 2605 24 62915 2526 24 61445 2460 24 60113
3666 20 79771 3206 20 71393 2920 20 68295 2504 20 60224 2221 20 54164 2118 20 51915 2107 20 51825
3405 27 74891 2995 27 67029 2726 27 62255 2555 27 60987 2704 27 64954 2710 27 65874 2669 27 65608
3528 31 77971 3142 31 70337 2888 31 66887 2638 31 62107 2560 31 61631 2439 31 59124 2420 31 58872
3772 51 82985 3434 51 77781 3191 51 74636 2899 51 68900 2878 51 68976 2630 51 63772 2619 51 63670
3552 25 78353 3159 25 72265 2722 25 64976 2595 25 61952 2730 25 66858 2697 25 65857 2646 25 65765
