14183 195 142794 12196 195 135801 10402 195 126263 9014 195 119023 8663 195 127112 7232 195 111407 6946 195 110510
8088 78 125696 6921 78 116795 6001 78 107871 5225 78 102084 4224 78 86849 3938 78 83552 3820 78 81758
7825 146 136403 6976 146 127937 6242 146 119731 5428 146 112799 5419 146 119007 5156 146 111002 5137 146 110994
9097 194 159232 8414 194 150735 7747 194 148826 6216 194 125102 6413 194 129710 5250 194 112962 5160 194 111420
7611 102 137234 6308 102 122405 5749 102 113216 4938 102 102090 3814 102 85390 4094 102 94064 3974 102 91896
9020 191 157143 7522 191 137178 6693 191 127039 6125 191 121889 5778 191 121862 5193 191 109640 5092 191 107928
7180 74 133971 6252 74 124426 5313 74 108402 4606 74 99844 5275 74 112562 4114 74 95027 3995 74 93353
9625 249 163600 8521 249 155149 7865 249 147560 6709 249 133409 6198 249 125483 5756 249 121918 5684 249 121157
8868 184 155999 7950 184 143431 6917 184 129665 6493 184 129035 5367 184 112611 5159 184 107447 5232 184 107906
9869 139 166939 8567 139 151870 7774 139 143930 6818 139 135825 5457 139 118118 5042 139 110968 5007 139 110988
11643 251 202412 10426 251 184801 9128 251 170853 7869 251 158211 7217 251 144640 7088 251 147701 6484 251 135302
8590 152 148403 7576 152 147039 6547 152 132240 5425 152 115015 4526 152 102121 3698 152 83049 3506 152 80208
10203 451 196407 9769 451 189569 9380 451 189869 8785 451 182806 7574 451 160230 6762 451 149396 7574 451 169433
6414 140 132111 5157 140 108342 4788 140 105932 4138 140 95624 4177 140 99157 4178 140 103898 4117 140 102913
6708 120 130693 6066 120 123390 5574 120 116542 4916 120 107318 4097 120 95883 3701 120 90635 3651 120 89933
8792 242 174785 8233 242 161061 7090 242 144809 6369 242 138022 5219 242 119490 5535 242 132531 5678 242 137300
8460 162 159458 7145 162 146163 6281 162 135210 5684 162 129108 4604 162 109288 4241 162 103651 4240 162 103990
8715 82 171325 7747 82 153718 7001 82 146531 5821 82 129169 4483 82 112462 4080 82 106529 4052 82 106632
9297 179 182038 8922 179 179077 6984 179 148558 6042 179 134076 4869 179 116247 4725 179 113907 4622 179 112748
9815 238 189147 8571 238 171081 7345 238 151059 6848 238 151651 5047 238 115885 5597 238 134066 5491 238 133519
7896 168 154350 7461 168 148806 6204 168 130882 5793 168 124736 4866 168 113184 4101 168 95581 4027 168 94149
