59548 840 494358 57760 840 516301 54953 840 531388 46327 840 444117 45036 840 477536 36796 840 389017 36684 840 387989
87610 432 765053 71927 432 644963 57217 432 531123 43215 432 401874 37206 432 384969 25864 432 288082 25790 432 287313
61271 439 539790 55000 439 511368 47989 439 427212 42009 439 414243 38077 439 398241 26654 439 269297 26614 439 268677
75817 655 673083 60782 655 521999 59237 655 543648 57644 655 551841 36174 655 356753 22584 655 203200 22459 655 203174
93115 844 884782 82466 844 774097 68535 844 685018 49467 844 479711 42936 844 456612 39084 844 421879 38877 844 420314
67027 725 594225 70524 725 654189 57932 725 562617 50840 725 497281 33426 725 313130 43434 725 501347 43522 725 500027
86833 523 749683 75610 523 639672 66252 523 568814 43781 523 393620 30621 523 302663 24348 523 236561 23817 523 233255
88365 1293 830911 85249 1293 811691 73066 1293 657093 83460 1293 827709 67916 1293 702458 58890 1293 626975 58716 1293 625865
96802 1006 888818 89262 1006 846125 81357 1006 763965 74102 1006 742441 45677 1006 448127 38523 1006 380405 38053 1006 377175
71092 804 593495 61616 804 531275 59993 804 524544 44414 804 397524 38623 804 376467 28234 804 269316 28265 804 269042
97759 776 889399 89808 776 812844 75101 776 683063 56265 776 514436 53095 776 521070 39023 776 393725 38776 776 391972
68762 478 575453 58889 478 525301 45542 478 405100 38920 478 403807 20104 478 183376 16009 478 144821 15899 478 144297
99748 662 921638 86201 662 823715 70326 662 684880 43484 662 420246 38664 662 422117 32878 662 368635 33016 662 368453
97890 752 859380 75875 752 666447 61755 752 550203 52879 752 517574 42995 752 448269 35419 752 376477 34863 752 374710
78321 362 686212 84875 362 795957 74656 362 707419 52447 362 504553 35646 362 403453 21341 362 235113 21168 362 233975
84556 855 704798 78906 855 697187 59782 855 530355 58677 855 566464 44020 855 441212 30925 855 294466 30626 855 291903
77446 668 705298 76423 668 723958 73032 668 704820 59100 668 580317 48797 668 517889 28818 668 275914 28100 668 271950
73862 854 686750 69935 854 658900 64378 854 615995 51604 854 513736 45462 854 489907 36951 854 403072 36979 854 401774
85803 988 772699 79648 988 735111 65321 988 604326 47238 988 439786 45051 988 464926 32808 988 319919 32679 988 319313
104838 663 1036592 82572 663 795187 67623 663 635755 57605 663 612095 48618 663 570583 41343 663 499419 41047 663 498812
97466 1317 915456 92079 1317 862758 75570 1317 703624 71773 1317 710000 62910 1317 632301 43485 1317 426525 43240 1317 425329
