10222 36 265440 12336 36 337902 10783 36 293085 10454 36 290285 8611 36 240315 8068 36 227079 8000 36 222758
11789 34 317262 10721 34 292175 9888 34 267815 9223 34 253880 8616 34 239247 8742 34 247322 9568 34 274398
10595 36 283107 9678 36 260899 8725 36 233856 8210 36 224533 7698 36 210675 10155 36 291479 11538 36 331515
10987 26 296345 10880 26 297577 9595 26 257607 9830 26 271528 9174 26 257244 8896 26 252079 10746 26 306805
10098 31 269675 10751 31 295581 8904 31 240759 9346 31 261644 8877 31 248203 8524 31 238855 8160 31 229763
10103 33 266595 9594 33 255753 10051 33 271268 9473 33 260722 9833 33 279648 8214 33 233657 7663 33 213679
10672 48 272399 10757 48 284751 9736 48 257198 10283 48 274541 9290 48 255561 9466 48 265436 8813 48 244780
9131 32 239628 9783 32 264419 9631 32 260630 8888 32 241141 8226 32 229889 8423 32 239262 9272 32 266523
10819 31 285038 10230 31 277176 10481 31 287566 10150 31 280957 9408 31 258500 9222 31 255737 8455 31 234247
12139 42 329433 11174 42 305564 10020 42 273880 9640 42 265394 9369 42 258561 9322 42 261703 8649 42 239366
9495 20 246143 8861 20 233801 9568 20 260993 7850 20 217685 7729 20 210384 5530 20 151842 4733 20 128352
10636 28 287400 9741 28 266849 10009 28 280711 8845 28 244512 8695 28 243876 9774 28 280571 11099 28 318696
9860 37 258869 9736 37 261463 10013 37 276295 9561 37 265035 9055 37 254552 8655 37 245558 9508 37 266636
10549 26 280564 8521 26 222908 9888 26 270421 8615 26 237106 6996 26 195334 7493 26 210611 7749 26 216789
11561 35 313488 10607 35 286663 10791 35 292703 10174 35 278309 11488 35 324926 9374 35 262317 7406 35 204289
9179 35 243163 9428 35 258278 8771 35 238425 7938 35 212504 7389 35 204894 8435 35 238262 9445 35 266280
10632 34 287202 10420 34 281687 9482 34 256542 9327 34 256250 8552 34 236605 8356 34 231376 8031 34 224426
10312 34 281731 9603 34 264620 9421 34 261352 9037 34 247657 7707 34 213741 8284 34 232321 8834 34 248139
10272 31 274901 9988 31 266960 9702 31 266785 9529 31 261161 8050 31 222578 8615 31 242647 9529 31 271500
11625 28 311135 11161 28 301362 10452 28 286231 9332 28 253449 9386 28 258304 9055 28 250651 9522 28 267187
10063 28 270987 10409 28 285644 9320 28 256592 9075 28 252288 7992 28 218793 8246 28 229688 7669 28 214251
