28113 821 316285 26277 821 306817 21602 821 256861 21029 821 256167 18502 821 235607 18111 821 246733 16890 821 233474
30658 944 354000 27044 944 306822 24981 944 285777 21841 944 265832 23634 944 298315 18992 944 242599 17669 944 225631
21706 735 248172 19745 735 230831 18037 735 216111 17558 735 211912 14681 735 180707 13727 735 177693 13551 735 175575
23444 715 272019 20106 715 232342 17540 715 208420 16716 715 206221 14560 715 183644 13005 715 162881 12749 715 159758
31150 803 352697 27052 803 317145 23558 803 278925 21496 803 269042 19303 803 247154 18072 803 249691 18113 803 250603
22819 697 263889 22143 697 261948 21102 697 247814 19587 697 242998 16372 697 207525 15198 697 199176 13824 697 181787
28285 904 327017 25021 904 292540 22144 904 263324 19672 904 246346 17701 904 218553 16990 904 225706 17162 904 229840
31494 759 351571 28418 759 326245 24814 759 283074 21276 759 255125 15578 759 197517 17190 759 237504 17506 759 244857
34871 746 393715 30500 746 348763 28016 746 332259 25636 746 312878 19253 746 244593 17825 746 241691 16278 746 221171
26926 708 304754 24650 708 281946 22959 708 272288 19153 708 235997 17599 708 219582 15007 708 199355 14899 708 199458
30781 939 350086 29811 939 331066 29076 939 338343 27293 939 321199 21627 939 258287 20734 939 271308 20547 939 278155
26016 894 290689 25249 894 282307 23723 894 277469 20718 894 247974 20909 894 259659 18173 894 231864 17927 894 236783
33285 769 379504 30976 769 356118 28796 769 332069 26482 769 310414 20293 769 258328 17975 769 240614 17453 769 238349
29839 660 340949 25183 660 297472 26554 660 322684 22776 660 284970 17511 660 234014 16613 660 229129 13943 660 190205
24294 701 283361 21516 701 250559 20754 701 253039 18010 701 224159 15516 701 205083 13397 701 177286 13293 701 176793
27944 948 309618 24724 948 282382 23125 948 271439 21810 948 261923 19057 948 232614 16704 948 214645 16643 948 213343
33164 645 381028 30871 645 364532 29180 645 343783 25334 645 312972 21430 645 280712 15919 645 239440 15683 645 227111
28043 999 327287 25887 999 297835 23678 999 270688 21773 999 256544 19385 999 239321 19338 999 249732 18306 999 235708
21131 714 240190 18621 714 213504 19513 714 239940 17094 714 201030 15005 714 186953 13864 714 180128 13753 714 179791
25101 490 285560 23351 490 275194 22845 490 284602 17851 490 222835 14854 490 190689 12897 490 183018 13605 490 188461
27507 607 328896 24070 607 293489 22243 607 275171 19379 607 248642 17053 607 221980 15204 607 210377 14470 607 200711
