6949 104 116877 6289 104 112751 5270 104 96002 5120 104 94926 4049 104 80503 3764 104 75469 3883 104 75453
11459 289 182119 10658 289 178116 10154 289 182037 8386 289 149795 8055 289 155032 6940 289 134006 6921 289 133954
11454 291 190774 9447 291 154876 7943 291 139434 7065 291 129063 6719 291 129983 6958 291 139705 6939 291 139674
8166 80 137887 6265 80 108868 5611 80 102312 5423 80 104481 4128 80 80578 3666 80 74645 3631 80 74238
9747 146 165350 8753 146 153552 7824 146 144804 6964 146 135843 5528 146 111232 4646 146 93766 4635 146 93675
11726 100 204731 9142 100 162183 6796 100 125325 6614 100 129231 5765 100 117273 4359 100 89130 4302 100 88343
7336 63 123322 6113 63 109266 5162 63 96632 4872 63 96492 3910 63 78174 3713 63 75959 3725 63 75761
11072 341 178558 9343 341 157962 8907 341 157998 8503 341 155199 7701 341 140239 7565 341 143193 7525 341 142431
10770 192 182580 8605 192 150016 7275 192 132801 6600 192 126471 5832 192 115165 5654 192 113109 5615 192 112591
8812 162 147580 7242 162 129414 6065 162 108340 6086 162 120544 5369 162 103886 5309 162 103276 5298 162 103182
8318 103 139973 7036 103 121980 6177 103 119460 5752 103 111408 5288 103 109995 4185 103 87990 4170 103 87812
9467 83 161268 8799 83 155899 6951 83 129440 5960 83 114749 5315 83 104301 4382 83 87457 4338 83 86720
8279 163 139623 7335 163 129409 6426 163 117784 6039 163 119802 5416 163 107134 5448 163 109098 5454 163 108482
12174 277 200504 10344 277 173481 10012 277 183515 8143 277 148497 7624 277 144800 6712 277 129124 6672 277 128912
8921 150 149305 6881 150 122286 6806 150 125797 6425 150 122535 5285 150 98732 4418 150 84824 4416 150 84748
13306 423 211409 12180 423 198796 10665 423 179692 10376 423 185864 8579 423 162816 8743 423 167953 8733 423 167720
11205 197 191609 8951 197 154338 7416 197 132336 7348 197 138019 6653 197 125909 5594 197 108357 5518 197 107300
13139 415 216801 11249 415 190005 10227 415 178290 9331 415 169720 9424 415 181637 8218 415 155716 8213 415 155580
11081 253 180456 9889 253 167404 8923 253 157525 8191 253 159002 7605 253 144671 6778 253 133478 6765 253 133431
8246 201 141994 7593 201 136889 7658 201 138844 6709 201 126428 5706 201 104991 5200 201 95105 5130 201 94852
12142 154 202648 10437 154 180266 8867 154 161935 7013 154 132017 6239 154 119420 5494 154 106615 5475 154 105843
