35935 153 754958 28368 153 595698 31520 153 679415 32733 153 693542 22639 153 512961 18948 153 460672 21345 153 496871
38378 184 796730 36278 184 752994 39084 184 834974 26506 184 571595 22083 184 505868 21700 184 488674 19790 184 437102
37664 177 772642 34610 177 713274 40183 177 842581 34194 177 736516 20227 177 444358 17772 177 392793 18521 177 426219
43123 230 907008 36141 230 741628 35645 230 751213 27904 230 584060 26832 230 596369 22002 230 475609 21820 230 511853
41991 229 857406 43731 229 905851 37961 229 791927 31505 229 666834 29407 229 634328 21333 229 471714 18633 229 409991
35226 231 722606 35015 231 744698 30145 231 650400 25130 231 552126 22867 231 499340 20868 231 476651 21325 231 498398
35927 211 754452 31276 211 665339 28930 211 614172 28612 211 613609 25912 211 594881 22261 211 508356 20642 211 455763
38920 191 821158 35571 191 736481 31568 191 660627 24943 191 538001 24902 191 542940 19663 191 446039 18127 191 402602
42250 199 873547 38642 199 805836 30653 199 636215 35376 199 762350 24507 199 525538 21466 199 476634 20687 199 453364
34460 224 709954 36917 224 775651 33201 224 709546 32021 224 685563 28301 224 621815 26453 224 581156 23300 224 510540
31782 175 673121 26551 175 560625 38678 175 828611 25278 175 541270 25228 175 540037 22563 175 483738 23104 175 549441
39990 235 828427 38506 235 819699 28825 235 598873 30374 235 660147 26869 235 618177 22067 235 505144 24831 235 560625
37047 272 776998 33717 272 714938 29847 272 644612 30100 272 646477 28317 272 612808 22584 272 510371 23948 272 543729
31663 161 651846 25848 161 533413 26519 161 566876 26390 161 579033 18502 161 396134 20065 161 450127 18076 161 427884
42514 254 844498 45182 254 958182 41315 254 867582 32382 254 698651 25888 254 560743 19458 254 424153 23746 254 533824
41760 179 873927 34746 179 731316 30842 179 652672 31436 179 683345 23809 179 519838 21078 179 477887 20152 179 477646
36358 232 760229 33824 232 705063 28699 232 620393 21485 232 452975 27796 232 641825 20240 232 452993 18462 232 422243
31052 170 648110 31924 170 669124 34676 170 739274 23176 170 499364 24891 170 571358 21382 170 501389 19468 170 466522
36562 230 742951 35750 230 734697 32758 230 676165 30111 230 652381 26985 230 594985 24895 230 553040 22100 230 513245
38654 225 807596 32383 225 672054 31332 225 662576 34321 225 731189 26997 225 598382 23709 225 549359 22223 225 510190
36040 213 730498 43124 213 879383 39983 213 831208 38079 213 795148 25837 213 564978 23634 213 529292 21952 213 497630
