13639 42 276990 4104 42 87132 2930 42 63316 2367 42 51783 2061 42 45596 1938 42 43188 1876 42 42213
13452 37 276010 4122 37 87423 3003 37 64708 2429 37 52901 2078 37 46048 1964 37 43891 1899 37 42585
13278 41 270966 4141 41 87322 2992 41 64366 2401 41 52437 2086 41 45989 1958 41 43653 1887 41 42284
13658 42 280992 4101 42 87162 3037 42 65224 2422 42 52838 2084 42 45248 1942 42 43314 1893 42 42460
13331 44 273239 4140 44 87408 3020 44 64780 2429 44 53012 2098 44 46373 1972 44 43982 1893 44 42387
13543 42 275368 4151 42 87535 3034 42 64444 2396 42 52342 2078 42 45639 1952 42 43335 1897 42 42235
13598 36 277800 4065 36 86530 2976 36 64023 2427 36 52771 2040 36 45532 2014 36 43266 1875 36 42227
13647 44 273907 4124 44 87392 2993 44 64216 2417 44 52707 2050 44 45347 1955 44 43281 1883 44 42200
13378 41 274678 4132 41 87706 2958 41 63568 2401 41 52177 2072 41 45854 1964 41 43536 1896 41 42458
13472 40 274502 4081 40 86881 2984 40 64291 2421 40 52817 2064 40 45749 1951 40 43415 1880 40 42145
13037 43 266463 4230 43 88765 3083 43 64902 2480 43 53049 2061 43 45849 1954 43 43294 1884 43 42216
13454 39 274579 4085 39 86165 2946 39 63264 2396 39 52508 2048 39 45121 1941 39 43310 1877 39 41994
13510 37 276313 4106 37 87009 2982 37 63908 2437 37 52914 2058 37 45281 1943 37 43117 1885 37 42105
13590 44 280017 4177 44 88290 3021 44 64642 2474 44 53279 2102 44 46456 1977 44 44167 1915 44 42879
13495 35 276582 4214 35 88303 3006 35 65081 2431 35 52891 2078 35 46002 1960 35 43557 1874 35 42170
13542 40 276027 4085 40 86666 2988 40 64059 2389 40 52095 2054 40 45400 1943 40 43234 1877 40 42106
13553 42 275053 4190 42 88577 3038 42 65209 2419 42 52246 2062 42 45471 1997 42 43310 1888 42 42226
13207 45 271097 4199 45 88641 3040 45 65349 2462 45 53608 2073 45 45613 1966 45 43548 1912 45 42590
13348 43 273014 4111 43 86759 3023 43 64939 2463 43 53790 2104 43 45965 2004 43 43796 1889 43 42365
13449 36 277009 4212 36 89064 3056 36 65347 2420 36 52484 2100 36 46208 1958 36 43525 1894 36 42327
13441 39 275774 4113 39 87060 2981 39 64023 2467 39 53303 2062 39 45561 1971 39 43667 1903 39 42470
