15561 114 203563 12033 114 156714 10085 114 136634 9015 114 128176 5402 114 77394 4697 114 68145 4636 114 67785
20300 396 262704 18342 396 241222 15395 396 203695 12665 396 177845 12255 396 178495 10458 396 149264 10406 396 148882
19769 233 245658 16125 233 213048 15773 233 205925 12501 233 173201 11426 233 176554 9605 233 146661 9448 233 145868
22404 444 282460 20478 444 259064 17651 444 231759 13989 444 175040 11554 444 159611 12287 444 176057 12177 444 175015
16769 194 211498 14926 194 194556 11147 194 148207 9448 194 136412 8646 194 126456 7277 194 107764 7241 194 107666
21236 474 269480 18812 474 246462 15447 474 198102 14880 474 202002 12200 474 162731 10419 474 136000 10381 474 135932
18543 269 244426 16506 269 209398 14352 269 191631 12214 269 170467 9023 269 131077 7547 269 108943 7500 269 108731
19166 175 246316 16379 175 216523 14061 175 201608 11386 175 161957 8834 175 129122 6863 175 99357 6817 175 99091
18054 474 221155 15576 474 198098 12875 474 168434 14690 474 201821 12255 474 169815 12142 474 167663 12001 474 167627
24024 448 301801 22622 448 297836 19765 448 260929 14918 448 203356 13373 448 193324 12709 448 188221 12705 448 187992
26549 328 321936 23067 328 314905 17494 328 233548 15309 328 236273 10588 328 149768 9778 328 140974 9715 328 140408
25974 276 340958 21549 276 280731 19132 276 254182 15181 276 216003 11894 276 174924 11536 276 175390 11489 276 175023
26002 433 342741 25004 433 319606 20432 433 269924 19368 433 274502 13558 433 197605 13787 433 210463 13726 433 209324
27996 412 354294 23145 412 296780 21580 412 282671 20747 412 286991 14541 412 210713 12942 412 194132 12906 412 193988
32237 784 414782 27439 784 359873 24746 784 316513 25824 784 357505 19417 784 268707 19832 784 282304 19824 784 282066
26012 566 326193 21945 566 274566 19143 566 251808 16744 566 230466 16312 566 230805 13270 566 178722 13212 566 178169
21121 478 266715 20550 478 267701 17540 478 229711 15151 478 201390 12399 478 171521 11445 478 162063 11365 478 161527
24303 550 305653 21823 550 281148 19852 550 260897 18205 550 247029 16026 550 223342 14755 550 212496 14718 550 211403
26733 402 350624 25141 402 333849 19525 402 274004 17063 402 240890 12862 402 192892 13745 402 220461 13713 402 219958
26687 272 340718 22049 272 286046 16712 272 222301 14260 272 202254 10287 272 150546 8447 272 126029 8428 272 125810
26776 464 325005 26960 464 345054 24406 464 336311 16527 464 219182 14841 464 206239 13381 464 196426 13315 464 195546
