7561 104 125834 6658 104 116694 5344 104 100048 5153 104 98091 4145 104 81809 3889 104 76653 3876 104 76637
12109 289 193375 10105 289 164635 10266 289 179338 8584 289 152507 8356 289 159032 6804 289 128686 6771 289 128634
10815 291 174354 10151 291 168004 9233 291 156865 8226 291 145193 7707 291 146148 7053 291 135799 7036 291 135768
8110 80 137003 6987 80 123009 5542 80 99973 5435 80 102705 4300 80 84956 3895 80 79048 3860 80 78641
9913 146 163852 9295 146 160754 7867 146 144288 6963 146 135060 5826 146 112858 4988 146 96029 4939 146 95938
10769 100 178866 9965 100 171633 8022 100 149462 6927 100 136998 5258 100 103795 3989 100 79312 3928 100 78525
7486 63 125151 6393 63 115271 5390 63 100029 5174 63 98541 4006 63 81700 3644 63 75730 3620 63 75532
12007 341 191431 9786 341 160576 9397 341 159953 8566 341 153931 7873 341 147918 6922 341 128176 6900 341 127414
10950 192 182023 9151 192 156565 7271 192 127117 6452 192 119122 6376 192 123059 5949 192 119231 5907 192 118713
8959 162 150611 8365 162 150408 7027 162 129013 6728 162 127867 5882 162 112415 5220 162 102664 5204 162 102570
9193 103 153749 7500 103 131931 6055 103 115646 5832 103 112180 5448 103 109074 4469 103 90544 4455 103 90366
9796 83 163219 8228 83 142022 7133 83 129872 6160 83 115481 5103 83 99350 4119 83 81231 4057 83 80494
8031 163 131803 7346 163 124636 6860 163 124275 6605 163 128892 5452 163 107428 5493 163 109526 5451 163 108910
13631 277 218359 11493 277 187422 10385 277 184927 8158 277 147108 7762 277 145861 6770 277 129206 6705 277 128994
9302 150 153655 7093 150 123540 6617 150 119672 6277 150 120668 5493 150 102753 4723 150 89000 4708 150 88924
15116 423 236813 12441 423 202919 11844 423 197025 9708 423 170655 8577 423 151771 8143 423 150217 8112 423 149984
10809 197 177369 10243 197 174508 7923 197 139552 7217 197 134296 6123 197 112927 5273 197 98346 5152 197 97289
13118 415 211541 11365 415 184991 10754 415 184086 9880 415 179769 9164 415 172272 8486 415 156746 8489 415 156610
12049 253 190641 10249 253 173365 8680 253 149232 8377 253 156852 7822 253 148043 6718 253 133786 6703 253 133739
9187 201 152089 8307 201 142183 8305 201 150512 6693 201 126968 5554 201 106192 4991 201 96194 4965 201 95941
12855 154 212296 10899 154 186983 9170 154 164743 6996 154 128581 6060 154 116348 5376 154 104975 5316 154 104203
