15658 114 196107 13336 114 172504 11058 114 152882 8881 114 127415 5838 114 84842 5177 114 77166 5170 114 76806
21001 396 265652 17591 396 225374 15757 396 202063 13953 396 190619 12279 396 179885 10698 396 150822 10692 396 150440
20899 233 254515 19317 233 245583 15478 233 205658 13944 233 195901 11277 233 173139 9523 233 143207 9401 233 142414
24044 444 293182 20835 444 255331 17757 444 225712 14087 444 180511 12479 444 181489 11801 444 171187 11746 444 170145
19250 194 246806 16237 194 209943 12325 194 159311 10397 194 149789 8390 194 121556 7354 194 107827 7380 194 107729
23230 474 285273 19521 474 243907 15893 474 207160 14789 474 199432 12079 474 161040 10315 474 134380 10293 474 134312
19082 269 242334 18037 269 227870 15196 269 210811 12093 269 165029 10087 269 142045 8790 269 124963 8749 269 124751
21155 175 267814 15843 175 203836 14048 175 197904 11161 175 161021 8411 175 118906 6560 175 91373 6534 175 91107
19942 474 241294 18242 474 222361 14487 474 181503 14891 474 207576 11734 474 164529 11636 474 162689 11628 474 162653
25888 448 309607 22559 448 276744 20557 448 265572 14989 448 203585 12371 448 173055 12768 448 187297 12715 448 187068
26421 328 340367 23356 328 301024 17582 328 231888 16273 328 231820 10678 328 148765 9698 328 137549 9625 328 136983
27103 276 341413 20873 276 258030 21066 276 273986 17094 276 239531 12740 276 183386 11088 276 167531 11038 276 167164
26782 433 349371 25574 433 320918 22099 433 288304 17656 433 236783 12918 433 185048 14019 433 212710 13950 433 211571
28428 412 361773 24211 412 305212 26029 412 350861 21610 412 297732 14652 412 216965 12565 412 183206 12467 412 183062
32049 784 404734 30698 784 393825 24781 784 318762 23956 784 318624 25620 784 260917 20325 784 269403 19075 784 269165
27907 566 342530 22771 566 288225 16876 566 205526 17309 566 231218 15555 566 220137 12253 566 164744 12210 566 164191
22468 478 282329 21108 478 271611 19320 478 260666 17963 478 243795 12461 478 172892 11274 478 159471 11217 478 158935
27302 550 330338 23602 550 293695 22931 550 298786 17621 550 228900 15568 550 217306 14531 550 207505 14631 550 206412
29132 402 383013 25670 402 332624 23917 402 322429 18678 402 257883 14638 402 223452 13150 402 201372 13104 402 200869
25143 272 318204 22145 272 290563 17257 272 228223 15618 272 215165 11127 272 158770 8555 272 129151 8519 272 128932
28089 464 344547 27459 464 339668 23331 464 311522 16586 464 219544 15029 464 213922 13393 464 192708 13319 464 191828
