29720 821 325469 28555 821 328541 24816 821 294861 20972 821 248698 18648 821 231819 18415 821 247507 17134 821 234917
30490 944 344750 28484 944 324671 26270 944 302875 24054 944 279584 23152 944 288049 21709 944 240171 23055 944 223044
23285 735 263047 23630 735 277555 19894 735 228429 18969 735 228371 14736 735 183781 13543 735 175302 13301 735 172689
23418 715 261027 22056 715 251288 19387 715 226693 18116 715 220204 14134 715 176888 13837 715 177753 13454 715 172813
31212 803 351022 27675 803 312241 24015 803 282558 22279 803 276348 19242 803 244888 19295 803 262542 19264 803 260976
25712 697 291405 22660 697 259176 21337 697 250087 18806 697 229792 16957 697 206419 15588 697 199365 14184 697 182678
27065 904 305796 26348 904 296654 21726 904 257261 20778 904 253991 17311 904 214940 16388 904 207904 16444 904 216033
31761 759 345650 29986 759 336280 24960 759 278386 22219 759 267397 16295 759 210833 15811 759 208926 15779 759 208409
37561 746 417290 31050 746 350618 30077 746 344608 27044 746 311353 19928 746 236881 17334 746 233475 15803 746 212070
28635 708 324354 25680 708 297245 23700 708 273277 20592 708 251909 17988 708 231955 16178 708 211829 14757 708 195024
31760 939 342308 31471 939 344915 29301 939 335390 25122 939 286239 21412 939 259413 20028 939 255391 21854 939 282469
27788 894 310838 25528 894 281245 23688 894 275908 20912 894 250219 18816 894 232550 18281 894 234553 17871 894 231965
36674 769 410337 32510 769 361360 28562 769 328955 26022 769 310142 20416 769 249280 18554 769 252169 17664 769 240442
31155 660 358480 28370 660 330432 24269 660 284112 22648 660 280267 17633 660 234493 16700 660 229247 14053 660 189879
25406 701 288033 22351 701 255156 21642 701 257254 18240 701 225681 15987 701 204993 13221 701 178144 13173 701 177651
29577 948 330248 25856 948 287831 23965 948 279346 22108 948 256335 20356 948 244302 16902 948 213661 17639 948 220836
35446 645 397045 31021 645 342860 28558 645 323223 24968 645 296434 21081 645 264266 17158 645 244968 14659 645 209124
29100 999 329486 26250 999 293730 24016 999 274891 22445 999 265750 19111 999 235506 19098 999 243731 18532 999 238601
21844 714 249166 19756 714 218161 20884 714 250171 16729 714 199963 15232 714 192899 13415 714 174227 13337 714 173890
27889 490 321663 25978 490 307471 24248 490 290769 18570 490 230209 15608 490 200318 14644 490 201188 13357 490 185879
28334 607 327558 25285 607 306320 23500 607 285453 20172 607 248984 17414 607 222596 15800 607 214317 15306 607 216829
