135575 1248 2032423 174340 1248 2583812 148388 1248 2318420 132290 1248 2031330 109031 1248 1725868 90366 1248 1436458 86365 1248 1428957
153005 1135 2359048 143569 1135 2145545 163283 1135 2640349 164968 1135 2633907 98279 1135 1554631 102055 1135 1707889 74275 1135 1152449
191493 1480 2966345 177499 1480 2668135 164513 1480 2514293 151844 1480 2332504 138333 1480 2157536 115267 1480 1822289 93615 1480 1520251
163936 945 2511338 153407 945 2306970 158066 945 2296481 145586 945 2200295 108743 945 1696153 77443 945 1224385 62077 945 1016528
182771 1471 2855387 148325 1471 2288045 142531 1471 2226398 125307 1471 1924941 113665 1471 1833359 96691 1471 1564030 94813 1471 1553088
223850 1186 3370146 184800 1186 2852924 174352 1186 2677518 135655 1186 2096221 142253 1186 2252890 122412 1186 1955523 89618 1186 1522079
157603 1279 2352072 145336 1279 2177097 123187 1279 1825795 123605 1279 1730225 95545 1279 1475355 89807 1279 1383409 84424 1279 1321525
181704 1883 2755098 158822 1883 2407420 169414 1883 2623677 143925 1883 2202819 111989 1883 1680952 130779 1883 2113327 134287 1883 2153149
219691 1704 3140330 188332 1704 2748992 204059 1704 3075048 194245 1704 2967736 165378 1704 2524913 120831 1704 1864980 108218 1704 1801003
177494 1543 2661443 156410 1543 2219565 167445 1543 2542924 163899 1543 2520102 152584 1543 2364504 128657 1543 2040977 95102 1543 1576386
232354 1612 3399018 185473 1612 2753946 160595 1612 2316021 163395 1612 2411528 146248 1612 2060540 124104 1612 1918817 103213 1612 1627557
134880 1242 1996675 140267 1242 2126364 129208 1242 2009236 157521 1242 2032789 169031 1242 1867348 153364 1242 1733877 126202 1242 1408303
164655 994 2262058 149366 994 2285889 133069 994 1984288 121584 994 1890201 99140 994 1554927 90046 994 1511214 79422 994 1355278
192428 1439 2889049 191029 1439 2883595 185581 1439 2785018 154830 1439 2193722 123909 1439 1854161 102816 1439 1583222 87168 1439 1374133
196485 1830 2996122 163208 1830 2424410 144484 1830 2144780 154173 1830 2328423 125675 1830 1942348 112087 1830 1753315 95884 1830 1522703
189038 1492 2761907 189353 1492 2869109 193241 1492 2929808 140230 1492 2136894 139344 1492 2162355 101447 1492 1603449 107240 1492 1728481
185141 1596 2842049 177920 1596 2770583 154075 1596 2232474 161871 1596 2532739 137987 1596 2194353 111262 1596 1761163 102081 1596 1659394
175217 1855 2680651 147751 1855 2220438 161054 1855 2427282 125861 1855 1891480 119274 1855 1804020 121808 1855 1894501 119437 1855 1734741
153982 1450 2293392 160174 1450 2480486 154605 1450 2418920 145072 1450 2250629 111642 1450 1785467 98554 1450 1588007 73450 1450 1177434
195775 1290 2960760 183388 1290 2724030 202119 1290 2952473 164606 1290 2485027 134486 1290 2064827 107176 1290 1670534 96457 1290 1598143
215639 1328 3168528 175547 1328 2574490 169685 1328 2543393 160911 1328 2417339 124998 1328 1895639 120587 1328 1783735 97807 1328 1580283
