1049911 4945 11408444 846453 4945 8970973 1022285 4945 11241209 960928 4945 10701786 898310 4945 10151279 640837 4945 7350525 544923 4945 6311667
1021892 6683 11485621 909158 6683 10061505 1201341 6683 13698645 1066162 6683 12278442 862679 6683 9857993 745972 6683 8598452 648682 6683 7365236
1152106 8147 12717223 1017182 8147 11235284 973245 8147 10663756 990595 8147 11030668 940327 8147 10725150 708497 8147 7851785 753848 8147 8650336
926242 6559 9831936 857832 6559 9181281 965176 6559 10417995 992175 6559 8736190 745001 6559 8255768 610286 6559 6552522 752358 6559 8527690
878256 5093 9081679 942129 5093 9952658 793252 5093 8172015 611047 5093 6143029 609980 5093 6288670 600912 5093 6473683 542419 5093 6006241
961889 5833 10784738 946256 5833 10737896 758992 5833 8460557 747830 5833 8435791 633449 5833 7311145 646468 5833 7648923 486188 5833 5717742
860907 6286 9278061 966578 6286 10756161 1013552 6286 10342650 1006717 6286 9761364 665767 6286 7406396 612501 6286 6945129 516248 6286 5729967
965080 6967 10373495 1081365 6967 11814046 991841 6967 10840766 908730 6967 9913565 953296 6967 10567282 964671 6967 11029046 680817 6967 7940738
814060 5252 8796158 994670 5252 11118073 725532 5252 7823758 679066 5252 7358069 756247 5252 8650368 631282 5252 7312605 564347 5252 6492310
1052847 5799 11403607 960372 5799 8804334 837312 5799 9238072 983827 5799 11031496 670444 5799 7534124 571979 5799 6310143 549588 5799 6418862
1117594 5458 11848449 911566 5458 9339871 1164148 5458 12639521 1057077 5458 11486744 676896 5458 7030233 585674 5458 6297455 535070 5458 5977114
989917 5909 10765608 974910 5909 10647763 1058359 5909 11860824 1034746 5909 11594506 797711 5909 8938661 656203 5909 7137449 452359 5909 5135466
942935 5228 10357729 990611 5228 10892369 993556 5228 11338194 820949 5228 9152009 647131 5228 7301057 734859 5228 8534469 467225 5228 5462439
1129806 7249 12695428 888583 7249 10074693 1028190 7249 11846964 869663 7249 9898283 814443 7249 9520150 681333 7249 7845717 745112 7249 8784535
1015064 7125 11169693 833979 7125 9159257 953488 7125 10538024 988316 7125 9321642 732252 7125 8170898 759176 7125 8706649 675471 7125 7712915
1159495 7313 12906265 1027941 7313 11472910 1029477 7313 11487836 1026919 7313 11511787 861059 7313 9815017 797665 7313 8911170 742651 7313 8696634
1205518 6734 13538760 1018504 6734 11271093 955017 6734 10676720 911451 6734 10288782 858808 6734 9737938 741701 6734 8601774 680126 6734 8053228
986398 6255 11066182 973098 6255 10745315 985978 6255 11064243 940484 6255 10708569 816458 6255 9324265 846866 6255 10004078 606363 6255 6763969
1080047 7433 11826959 1123859 7433 12376237 998643 7433 10961443 896337 7433 9767625 873396 7433 9700174 777769 7433 8785165 579059 7433 6327121
839814 6075 9145749 793342 6075 8690580 704060 6075 7713763 741015 6075 8320283 762975 6075 7075648 572072 6075 6545968 509249 6075 5855439
922696 6160 9880841 1073404 6160 11770555 993265 6160 11006610 836512 6160 9078472 754201 6160 8378834 805821 6160 9238592 510370 6160 5948184
