43362 745 305065 37598 745 273772 35675 745 254286 32323 745 239067 29261 745 230062 23782 745 198147 23922 745 202096
43343 606 303529 49396 606 284419 34702 606 248360 27826 606 205689 24811 606 201707 20493 606 176693 20390 606 176390
43623 614 305933 34368 614 247358 33372 614 240668 27305 614 212152 21145 614 180077 21376 614 199198 21416 614 199496
40203 643 277153 37696 643 264304 34148 643 252165 32914 643 245523 26457 643 217743 24381 643 211956 22309 643 197857
34982 579 240400 32234 579 226493 27540 579 198314 24769 579 187204 21856 579 180540 20065 579 172505 20012 579 172501
47794 1122 322598 38833 1122 268304 37331 1122 263567 36117 1122 262251 33411 1122 256939 29240 1122 229940 29359 1122 241638
39812 799 273511 38941 799 273105 36168 799 260330 34684 799 258528 27565 799 220037 25282 799 220752 23989 799 207512
39468 426 266515 37883 426 262832 33275 426 240642 25996 426 197169 18391 426 155522 16536 426 150842 16089 426 146415
41880 795 294821 39636 795 282256 33495 795 246553 31513 795 239722 25720 795 202567 23173 795 193724 23650 795 206593
52046 982 350596 46542 982 326430 45139 982 320550 39497 982 286251 33896 982 261508 31290 982 245263 30026 982 242444
38944 667 274553 31250 667 222582 28629 667 203436 25788 667 187958 21802 667 166131 27361 667 157083 19857 667 156517
39796 644 281113 38327 644 276117 34200 644 261975 30974 644 245988 24401 644 200626 23042 644 194499 21011 644 180093
36254 424 261539 33831 424 244908 30343 424 223347 22673 424 168671 18901 424 158399 15247 424 140210 15088 424 138824
36328 598 253312 33964 598 243190 31311 598 228449 25315 598 188623 22405 598 177088 18309 598 161227 18074 598 159458
37035 618 264161 28512 618 207701 28054 618 215559 24898 618 193517 19762 618 154691 18865 618 152751 17794 618 142312
36923 562 263772 33411 562 250461 31961 562 234658 26495 562 203562 20779 562 170936 18320 562 161796 17772 562 158111
40771 801 284488 38158 801 275467 37139 801 270917 32981 801 248392 28488 801 224889 26768 801 220429 24451 801 200894
44059 904 303534 40415 904 276195 39605 904 278070 34887 904 248945 31344 904 248091 28576 904 230927 26003 904 211011
46677 914 330625 42726 914 309211 38235 914 271506 32016 914 239039 26136 914 201494 23704 914 191671 23543 914 191062
39606 637 269835 34749 637 253092 31577 637 222877 26627 637 199506 22097 637 174776 23120 637 191759 20568 637 171586
49626 834 366794 54660 834 326287 43928 834 326112 39228 834 290548 31692 834 253010 28595 834 237675 25266 834 208613
