10937 36 292767 11938 36 329310 11221 36 309918 11270 36 315160 8717 36 243933 9280 36 265159 8006 36 222956
9940 34 259404 10497 34 285562 9950 34 269429 10418 34 291511 8030 34 220370 8806 34 248127 9790 34 275213
10289 36 274882 10057 36 273158 9759 36 265692 11231 36 321230 8330 36 228601 7968 36 220427 11547 36 331374
11244 26 301583 10410 26 281743 11020 26 301352 10190 26 283033 9675 26 272317 9475 26 269177 8545 26 244390
9332 31 244600 8801 31 235708 10488 31 288044 8058 31 218340 9914 31 277907 9096 31 259951 8579 31 241035
9721 33 251594 10732 33 287392 9891 33 262186 8222 33 219815 8697 33 246110 8423 33 239202 7926 33 217670
11162 48 295679 10592 48 283267 10428 48 283379 10271 48 281933 9331 48 257620 9580 48 268615 8810 48 244912
9755 32 256523 9705 32 262482 9578 32 257400 9517 32 262789 8483 32 235365 8414 32 239371 9262 32 266632
11158 31 287249 11018 31 301339 10068 31 275607 9657 31 262480 9258 31 250937 8966 31 247468 9122 31 256657
12308 42 327939 11724 42 317712 9619 42 256232 11312 42 307450 10130 42 278367 9322 42 262095 8163 42 224128
10183 20 272395 8879 20 235541 9081 20 245268 8885 20 245096 7689 20 209882 7308 20 204815 4690 20 128352
10638 28 287433 9179 28 243224 9967 28 273261 8516 28 231510 9420 28 262877 8989 28 251349 10838 28 306742
11111 37 300345 10369 37 283030 9688 37 262497 9230 37 256916 8460 37 232333 8658 37 245973 9506 37 267051
9521 26 246487 10275 26 280179 8416 26 224329 9000 26 245418 8254 26 224940 7954 26 222544 7430 26 206217
11709 35 313402 15362 35 322836 14974 35 295242 10139 35 276325 8576 35 234436 9690 35 272875 8247 35 230768
9928 35 266812 9841 35 262142 9021 35 246132 9067 35 245843 7612 35 207903 8439 35 238716 9376 35 266734
10835 34 291444 9362 34 248518 10113 34 277481 8529 34 230748 8588 34 237428 8505 34 233381 8015 34 221361
10013 34 267917 11061 34 302853 10803 34 302956 9358 34 258427 8564 34 240075 7228 34 198560 7071 34 193286
10493 31 282699 11331 31 315415 11785 31 337817 9602 31 261612 9813 31 274579 10330 31 291675 8943 31 251593
11219 28 297276 10743 28 284333 10639 28 290502 10770 28 297901 11529 28 312776 8868 28 246531 9545 28 268308
10081 28 271210 10336 28 284183 10164 28 283577 10221 28 285253 8062 28 220708 8336 28 233453 7441 28 207928
