23727 361 285430 19891 361 241545 15547 361 198629 12519 361 169168 12830 361 192654 12900 361 198125 12817 361 197439
27838 512 350452 23690 512 298520 23829 512 324176 17469 512 235857 17179 512 246224 15290 512 223391 15301 512 223384
29973 549 378300 21606 549 264948 21015 549 276269 19473 549 267113 15504 549 223123 15826 549 229008 15718 549 228240
25261 478 302391 22048 478 275220 27720 478 255591 17320 478 246624 14283 478 197463 12154 478 176583 12144 478 176410
31510 396 403397 29753 396 394165 25351 396 334842 18881 396 255575 13201 396 190287 12262 396 177714 12158 396 177209
35422 554 444614 29992 554 390374 27243 554 361158 24083 554 323350 17134 554 245935 17765 554 270291 17662 554 269821
27882 541 348138 29103 541 369779 22065 541 283914 20452 541 278322 16895 541 254475 15522 541 230613 15525 541 229917
30481 674 399248 26822 674 340967 24621 674 320660 22706 674 308321 17230 674 241732 15651 674 218336 15925 674 218174
26639 382 320679 22114 382 273593 18473 382 237349 14442 382 195295 14236 382 207311 11712 382 172831 11696 382 171778
31725 438 388844 28466 438 362308 27294 438 367739 20721 438 283863 17471 438 259075 14445 438 222931 14389 438 222218
28243 230 348109 27468 230 339198 20152 230 265668 16687 230 229195 11248 230 173968 9684 230 149444 9465 230 147591
28087 351 356341 26347 351 345301 19433 351 265345 17762 351 245937 12039 351 185151 10334 351 151137 10299 351 150021
32172 682 392591 27913 682 352465 24192 682 310861 22234 682 303978 20032 682 293764 16920 682 246893 16826 682 246666
32924 811 405950 30516 811 380167 26992 811 348640 23793 811 319047 19584 811 271248 19540 811 275863 19234 811 274316
35742 543 442746 31564 543 400447 25331 543 327336 22022 543 297445 15009 543 211272 13906 543 202642 13896 543 200755
37138 675 469671 33031 675 422764 29661 675 398682 24330 675 323187 18802 675 261221 16776 675 237033 16600 675 235177
24906 591 295498 21443 591 262211 19739 591 243978 16320 591 210766 14695 591 200706 13555 591 186624 13512 591 186549
38534 592 485874 34862 592 462234 34344 592 480362 24765 592 350361 17785 592 256074 16598 592 247078 16432 592 244130
28185 761 356223 21332 761 266250 20071 761 257462 18127 761 232668 17164 761 236552 18525 761 276481 18503 761 276436
27156 552 337200 22639 552 284721 20072 552 266155 18917 552 262695 16011 552 229861 13392 552 188933 13333 552 188314
22674 560 277417 21724 560 270423 17799 560 219902 14338 560 187964 13803 560 192389 13645 560 190321 13580 560 189876
