14612 195 142430 12109 195 134485 10427 195 124874 9374 195 122244 8109 195 115377 6192 195 91021 6018 195 89776
8151 78 126242 7387 78 122278 6042 78 109293 5659 78 108436 4923 78 101010 3893 78 82142 3778 78 80386
7788 146 135044 7340 146 133180 6258 146 119005 5486 146 113426 5376 146 119319 5443 146 121124 5425 146 121225
9228 194 155727 8911 194 153789 7689 194 146536 6161 194 125042 6640 194 135209 5289 194 115057 5221 194 113479
7732 102 136034 6475 102 123522 5638 102 110925 5002 102 101898 3925 102 85849 4074 102 89997 3967 102 87610
8761 191 151736 7754 191 139926 6557 191 125120 6196 191 123054 5797 191 122559 4983 191 104928 4874 191 103080
7385 74 133276 6527 74 125873 5698 74 114213 4932 74 103747 5690 74 125388 4096 74 94967 3987 74 93293
15369 249 164143 8460 249 145853 7850 249 139582 6948 249 132055 6435 249 126769 5838 249 123124 5775 249 122650
9584 184 163861 7838 184 141479 6976 184 131478 6482 184 130724 5182 184 109674 5093 184 107682 5188 184 108141
9845 139 160930 9374 139 161579 7806 139 139862 6878 139 133194 5626 139 118972 4998 139 111219 4981 139 111239
11961 251 201135 10533 251 179768 9392 251 169563 8327 251 155177 7366 251 146060 7045 251 148795 6463 251 136448
8411 152 147138 7535 152 147112 6287 152 129462 5219 152 114876 4278 152 101476 3602 152 83195 3468 152 80354
10754 451 197882 10084 451 187532 9672 451 188884 8940 451 178183 7723 451 162968 6929 451 149050 7563 451 164624
6031 140 119295 5049 140 106891 4711 140 103873 4242 140 97169 4183 140 99788 4226 140 103916 4143 140 102931
6901 120 130485 6150 120 122091 5351 120 112196 5130 120 110885 3974 120 93344 3709 120 90394 3703 120 89692
9447 242 178151 8067 242 157845 7371 242 148371 6178 242 130696 5306 242 123041 5665 242 133430 5829 242 138199
8350 162 155535 7624 162 146920 6434 162 136429 5813 162 127924 4802 162 110269 4358 162 106719 4356 162 107058
8931 82 172790 8063 82 158180 7098 82 147519 5916 82 130282 4573 82 111571 4612 82 120414 4586 82 120556
9144 179 172799 8472 179 170059 7209 179 152222 6307 179 139652 4627 179 106439 4473 179 107602 4369 179 104676
9921 238 188067 8614 238 170080 8092 238 170518 7733 238 167088 5547 238 122520 5751 238 135380 5711 238 136635
8338 168 156869 7825 168 152537 7067 168 149706 5785 168 123525 4872 168 111854 4189 168 97366 4114 168 95943
