74526 840 640663 64144 840 562959 56729 840 514739 49480 840 488881 43628 840 450862 37060 840 389114 37148 840 388086
87985 432 770703 74360 432 649258 66139 432 622434 43867 432 401477 31721 432 312825 23359 432 243499 23302 432 242730
64477 439 561714 54323 439 482632 47275 439 432919 38655 439 369651 37341 439 374525 29102 439 301212 28924 439 300592
82089 655 701110 67296 655 591344 65411 655 606665 56497 655 532786 33139 655 304653 24720 655 242599 24659 655 242573
91086 844 810152 86548 844 811821 70359 844 676835 50145 844 475286 39022 844 381662 38886 844 413401 38796 844 411836
84411 725 739610 68783 725 624147 60677 725 570926 51657 725 494644 34026 725 310791 40329 725 445681 40140 725 444361
88423 523 742557 77044 523 637766 66915 523 560592 40755 523 352207 29287 523 275147 24907 523 237627 24155 523 233680
83565 1293 765249 88185 1293 795100 81282 1293 757656 76911 1293 737526 69394 1293 705577 60919 1293 618448 57991 1293 598119
96269 1006 873190 91232 1006 823660 83629 1006 800114 67116 1006 648444 45358 1006 428293 39283 1006 384369 38878 1006 381389
72999 804 584588 68575 804 573140 58728 804 507404 46095 804 400615 44903 804 467758 27778 804 259739 27762 804 259465
89562 776 777779 94553 776 843143 70757 776 610457 61142 776 542420 59075 776 581927 51131 776 558606 50816 776 555526
72768 478 624871 66304 478 586356 51953 478 472090 32757 478 288087 21244 478 203454 17560 478 169207 17466 478 168683
88145 662 783215 85886 662 787142 68790 662 634571 46428 662 432825 38481 662 407232 31689 662 345583 31564 662 345401
94909 752 796573 87425 752 745382 69940 752 630187 54908 752 503676 40544 752 398608 34113 752 354748 33740 752 352469
89582 362 763955 89063 362 801184 67954 362 615209 49501 362 457027 32407 362 341388 21515 362 234348 21357 362 233210
90980 855 744032 80528 855 685559 75516 855 655205 59926 855 561012 47064 855 483482 32265 855 309492 31753 855 306752
82644 668 723190 66516 668 579538 70976 668 631992 61720 668 578127 46769 668 492370 31942 668 311458 31602 668 308801
77089 854 682522 72345 854 685788 66317 854 622495 55192 854 544571 42459 854 426197 37347 854 398853 36976 854 397130
86772 988 773553 77592 988 712558 70405 988 664656 49376 988 443361 44579 988 457760 32114 988 305962 31934 988 305356
102857 663 944361 80460 663 762163 66993 663 614476 54139 663 528176 51798 663 626631 32819 663 360370 32678 663 359763
98914 1317 889638 92255 1317 840729 84204 1317 771252 69226 1317 668225 63523 1317 648087 38482 1317 343740 38197 1317 342544
