14149 42 278183 4227 42 87253 2974 42 63491 2355 42 51752 2038 42 45565 1927 42 43157 1862 42 42182
13810 37 276405 4152 37 87383 2987 37 64676 2409 37 52869 2065 37 46016 1955 37 43859 1881 37 42553
13656 41 271729 4199 41 87382 2971 41 64298 2389 41 52369 2067 41 45921 1941 41 43585 1867 41 42216
14464 42 283430 4279 42 87137 3192 42 65199 2540 42 52767 2110 42 45147 1931 42 43213 1919 42 42359
13662 44 274328 4120 44 87334 3004 44 64706 2419 44 52938 2078 44 46299 1969 44 43908 1875 44 42313
13909 42 276047 4250 42 87661 3024 42 64544 2389 42 52386 2054 42 45683 1945 42 43379 1877 42 42279
14305 36 278508 4096 36 86485 2990 36 63978 2394 36 52726 2030 36 45487 1921 36 43221 1866 36 42182
13819 44 275359 4116 44 87356 2970 44 64180 2459 44 52671 2055 44 45311 1919 44 43245 1874 44 42164
13644 41 274693 4267 41 87725 2989 41 63588 2407 41 52153 2059 41 45830 1942 41 43512 1883 41 42434
13784 40 274563 4061 40 86760 2961 40 64170 2392 40 52696 2056 40 45628 1927 40 43294 1870 40 42024
13268 43 268497 4209 43 88715 3008 43 64848 2417 43 52995 2051 43 45795 1937 43 43240 1868 43 42162
13980 39 277169 4188 39 86183 3011 39 63228 2468 39 52472 2071 39 45085 1978 39 43274 1891 39 41922
14349 37 277193 4290 37 87426 3079 37 63818 2450 37 52817 2040 37 45183 1926 37 43019 1867 37 42007
13902 44 280367 4169 44 87993 3039 44 64345 2459 44 52982 2122 44 46159 1992 44 43870 2008 44 42582
13721 35 276753 4232 35 88201 3029 35 64959 2415 35 52820 2063 35 45931 1946 35 43486 1859 35 42099
13963 40 276700 4111 40 86679 3002 40 64079 2414 40 52115 2040 40 45420 1965 40 43254 1864 40 42126
14051 42 275770 4439 42 89029 3159 42 65466 2378 42 52292 2098 42 45517 1937 42 43356 1919 42 42272
13632 45 271166 4181 45 88529 3059 45 65237 2435 45 53496 2057 45 45501 1944 45 43436 1898 45 42478
13894 43 275525 4163 43 86490 3142 43 64670 2535 43 53521 2057 43 45912 1956 43 43743 1873 43 42312
13781 36 277306 4226 36 89006 3122 36 65271 2441 36 52408 2076 36 46132 1980 36 43449 1876 36 42251
13801 39 276001 4141 39 86811 3001 39 63774 2486 39 53054 2036 39 45247 1945 39 43353 1872 39 42156
