16448 405 254521 13888 405 220968 12947 405 220480 10585 405 184827 8523 405 154033 7351 405 133427 7240 405 131672
23894 312 348774 21787 312 324161 19481 312 298061 17751 312 287580 11896 312 204013 8740 312 169500 7498 312 147070
23752 705 352521 21693 705 343638 19124 705 306465 14910 705 246343 14539 705 248131 12078 705 207759 10817 705 187278
22943 617 350785 22558 617 361672 19660 617 318891 16038 617 270087 14712 617 255045 13360 617 252264 12352 617 234864
15051 383 236465 12447 383 200245 11704 383 199939 9743 383 174810 8632 383 160106 8018 383 151876 7954 383 150490
18313 457 277015 15947 457 251101 13566 457 216972 12477 457 213793 9088 457 162326 8124 457 150544 7943 457 146561
20776 548 317714 18697 548 283442 16924 548 268818 14392 548 236141 11376 548 194645 9619 548 173104 9489 548 170433
18327 401 287380 16479 401 260006 14839 401 244761 14383 401 256189 11161 401 203837 10614 401 206095 9615 401 189616
21695 793 338456 20339 793 314010 19116 793 316039 17025 793 275937 15438 793 264728 13238 793 235504 13262 793 237224
19766 410 308188 17464 410 285986 14474 410 234877 13809 410 238137 10754 410 197327 10090 410 194179 8930 410 172337
23179 911 353812 19992 911 305220 18837 911 289231 17282 911 279965 16425 911 275633 13765 911 236834 13790 911 236528
21558 533 330003 20016 533 314441 17533 533 285838 13767 533 236059 12958 533 227644 11303 533 206834 10184 533 187339
19148 543 290337 17049 543 264466 14646 543 230792 12251 543 199476 10035 543 173371 8667 543 157624 8625 543 157023
23978 796 351918 20622 796 312880 19380 796 312722 20736 796 266291 18884 796 242825 13487 796 227843 12393 796 212210
26991 770 418093 23124 770 360217 22400 770 360546 21617 770 366917 17120 770 299982 15857 770 290129 14347 770 259355
19634 399 296577 17068 399 262482 16419 399 252667 14446 399 231737 11052 399 197855 10699 399 208534 9713 399 191737
19732 610 300533 17795 610 274858 15719 610 244787 14092 610 230761 12054 610 209018 10490 610 194116 10415 610 193081
24045 645 376231 19177 645 300509 17716 645 286878 15225 645 252423 14755 645 259800 12643 645 223795 11491 645 203017
17995 518 281580 17621 518 281022 15649 518 259181 13200 518 228255 10944 518 191985 9280 518 168695 8990 518 163729
19641 537 300983 19011 537 294715 16467 537 270168 14339 537 237038 12090 537 214656 11153 537 207912 9932 537 187575
20932 634 321084 19906 634 316272 17389 634 276227 15071 634 247534 12475 634 215279 10303 634 182945 10159 634 180208
