4043 27 87341 3719 27 83943 3327 27 76867 2925 27 69771 2589 27 62859 2567 27 61176 2490 27 61000
3668 20 80037 3239 20 74735 3186 20 73963 2760 20 66082 2591 20 63793 2447 20 60662 2418 20 60457
3841 40 84183 3455 40 77750 3031 40 70099 2864 40 68962 2620 40 62778 2474 40 59738 2441 40 59515
3689 25 82022 3362 25 76906 3158 25 75475 3185 25 76247 2604 25 63622 2473 25 60675 2464 25 60654
3988 62 84803 3622 62 79568 3383 62 78068 3067 62 72927 3206 62 78624 3096 62 76120 3093 62 76106
3627 30 77975 3287 30 74916 3037 30 72016 2835 30 68687 2754 30 67261 2624 30 64285 2611 30 64278
3891 27 84126 3491 27 79161 3130 27 72358 2786 27 66161 2659 27 64707 2556 27 61510 2449 27 60588
3703 15 81655 3230 15 73615 2931 15 68959 2584 15 61505 2334 15 57326 2085 15 51150 2073 15 51037
3854 32 82791 3390 32 75885 3143 32 70928 2758 32 64648 2566 32 62167 2469 32 60111 2452 32 60009
3323 28 72692 2986 28 66847 2802 28 65506 2803 28 67970 3050 28 76052 3035 28 75484 2969 28 75427
3406 29 73408 3166 29 71570 2944 29 69018 2779 29 65987 2812 29 68644 2857 29 71199 2842 29 71188
3571 27 76123 2997 27 67397 2693 27 62643 2609 27 61860 2387 27 56893 2431 27 58473 2430 27 58461
3307 25 70610 2905 25 65492 2619 25 60907 2414 25 57245 2432 25 58711 2304 25 55724 2293 25 55565
3486 36 75637 2990 36 68144 2769 36 65048 2580 36 61555 2754 36 68102 2733 36 67869 2715 36 67733
3976 37 84797 3658 37 81221 3182 37 74425 3050 37 72226 2790 37 67491 2791 37 67181 2769 37 66862
3718 24 80125 3430 24 77454 3116 24 72295 2801 24 67078 2586 24 62965 2516 24 61495 2450 24 60163
4192 20 77659 3176 20 70595 2857 20 65824 2712 20 64056 2265 20 54164 2114 20 51915 2092 20 51825
4365 27 74136 3000 27 66989 2747 27 63410 2547 27 60375 2556 27 61797 2615 27 63740 2578 27 63474
3541 31 77441 3199 31 72192 2959 31 68566 2619 31 62074 2561 31 61592 2425 31 59085 2415 31 58833
3918 51 83991 3479 51 76460 3221 51 76790 2941 51 69503 2879 51 69771 2643 51 64542 2631 51 64440
3544 25 78364 3156 25 72510 2775 25 64774 2520 25 59384 2488 25 59205 2371 25 56592 2351 25 56500
