32032 153 646185 30228 153 617035 31770 153 666131 28365 153 584490 22834 153 518221 19958 153 469097 19622 153 462658
38738 184 777127 39871 184 797751 39733 184 822042 34368 184 707752 26104 184 586966 21541 184 473219 22639 184 499746
45410 177 911365 39053 177 782255 33899 177 695299 33788 177 706944 21707 177 466816 17379 177 374542 20347 177 466192
41996 230 858736 45657 230 953342 39187 230 810799 29005 230 601886 31452 230 545559 26456 230 572707 22270 230 522564
42747 229 864302 44580 229 902841 37339 229 760851 32881 229 684156 25546 229 546664 19484 229 427304 22375 229 497926
36403 231 750728 38660 231 802336 36681 231 782128 35434 231 757286 24813 231 542906 19859 231 447315 20331 231 459835
43494 211 905524 35206 211 744735 35265 211 738002 30243 211 650026 25602 211 552379 18496 211 408812 16511 211 357992
35959 191 730543 37763 191 767499 36865 191 768213 32669 191 700885 26172 191 568370 19789 191 434002 18099 191 395955
49350 199 995298 38997 199 802834 39512 199 820897 38053 199 803702 30316 199 650696 21631 199 487236 20164 199 449787
38795 224 783788 38122 224 764755 35438 224 729885 36114 224 756138 27365 224 588941 30737 224 493418 20008 224 437136
30775 175 616724 35604 175 739852 37827 175 802008 28298 175 595488 23637 175 522137 20816 175 470980 20597 175 458054
37735 235 773895 43521 235 919079 33550 235 709812 31588 235 663762 29579 235 649098 19943 235 447541 25527 235 590701
41026 272 815938 37517 272 777503 33467 272 707288 31229 272 652400 27277 272 582064 22625 272 500999 22852 272 507544
30330 161 614439 36250 161 745503 32458 161 672402 31496 161 655503 20115 161 443859 21622 161 496876 18709 161 418845
46061 254 936877 38222 254 767620 42337 254 894816 34043 254 714851 23319 254 499293 21996 254 484836 23411 254 516895
39162 179 792256 35861 179 728911 36408 179 738842 32288 179 691014 21577 179 460396 22540 179 496758 19869 179 469283
42455 232 719859 35364 232 716333 30808 232 626008 29586 232 617648 25368 232 550797 19076 232 417318 18412 232 418947
36715 170 744248 37513 170 777123 37514 170 793230 27604 170 575850 25543 170 571921 20721 170 478231 20809 170 476335
39130 230 794670 35255 230 716075 36835 230 754768 29616 230 636050 26168 230 569536 20957 230 445062 20663 230 465060
39979 225 810972 37823 225 772772 28181 225 587059 32736 225 684231 26582 225 577749 20903 225 466856 20270 225 451197
48701 213 987802 49653 213 1006168 43019 213 874717 35178 213 729879 26759 213 572917 24622 213 542176 22444 213 509276
