5124 57 105683 4268 57 94614 4000 57 93532 3784 57 90363 2982 57 73466 2974 57 73582 2914 57 72698
4048 51 87252 3697 51 81763 3339 51 78791 3042 51 71722 2761 51 67652 2689 51 66114 2716 51 65891
4870 61 103078 4168 61 90322 4146 61 95965 3922 61 92630 3052 61 74947 2964 61 73688 2948 61 73622
4985 58 104968 4733 58 103128 4058 58 91729 3379 58 80473 3604 58 88776 3102 58 77266 3086 58 77211
4465 37 93867 3898 37 87281 3609 37 83258 3306 37 79528 2862 37 70465 2737 37 67991 2716 37 67849
3884 24 81948 3597 24 81204 3260 24 76520 3508 24 83571 2570 24 60748 2111 24 50937 2091 24 50765
6091 37 127718 4814 37 107906 4255 37 99598 3863 37 92054 3015 37 73616 2938 37 72205 2885 37 71451
5094 58 104868 4381 58 96296 3965 58 90715 3462 58 79721 3813 58 94121 3112 58 77441 3051 58 76646
8036 66 103518 7206 66 99270 6344 66 92053 4368 66 97413 3349 66 83620 3299 66 83017 3358 66 82963
4793 51 98740 4126 51 88741 3640 51 83748 3335 51 79387 3060 51 74889 2924 51 72319 2952 51 72208
4593 44 96668 3802 44 83929 3379 44 77245 3145 44 74325 3275 44 82257 3256 44 83008 3236 44 82587
4908 92 101062 4542 92 98593 4153 92 92945 3942 92 95071 3472 92 83464 3432 92 83096 3363 92 82857
4567 54 95008 3960 54 88442 3703 54 88067 3486 54 83003 2900 54 70644 2773 54 67846 2748 54 67806
3729 14 80840 3241 14 72786 2895 14 68071 2552 14 62426 2388 14 58911 2175 14 54100 2167 14 53991
4730 91 97467 4280 91 91829 3812 91 86073 3628 91 86923 3298 91 77169 3195 91 75042 3178 91 74941
4139 37 85903 3593 37 80607 3231 37 74499 2891 37 68074 2793 37 66947 2639 37 64669 2629 37 64593
4017 14 87524 3498 14 79423 3142 14 74138 2781 14 67079 2552 14 62367 2407 14 59022 2400 14 58915
4330 47 92458 3653 47 81569 3256 47 75636 3015 47 71257 2936 47 71102 2792 47 68170 2771 47 68152
4186 23 89928 3630 23 82013 3009 23 70342 2778 23 66899 2624 23 63681 2466 23 60316 2423 23 59893
4415 49 93047 3936 49 85831 3535 49 81863 3182 49 77335 2864 49 69968 2795 49 68767 2756 49 68053
4329 30 92239 3903 30 88818 3604 30 83495 3521 30 84338 3117 30 78514 3137 30 79835 3116 30 79776
