9141 179 150744 7995 179 135702 6936 179 123725 5894 179 108804 5600 179 106136 4627 179 88283 4612 179 87731
9835 102 165354 7647 102 130170 6546 102 116697 5299 102 105058 4929 102 103899 4917 102 104482 4874 102 103065
6519 121 110902 5744 121 102208 5166 121 96510 4662 121 88286 4688 121 94850 4581 121 93013 4537 121 92958
8731 51 151225 6999 51 127812 5917 51 110584 4832 51 91133 4071 51 79909 3804 51 74848 3777 51 74344
8568 159 138091 7523 159 128843 7703 159 135470 5907 159 111548 5367 159 101663 4591 159 88234 4533 159 87341
7097 69 123478 6487 69 116410 5646 69 107242 4574 69 88059 3328 69 64447 3158 69 60542 3138 69 60349
6342 119 110419 5325 119 93868 5611 119 105973 5046 119 99421 4003 119 77365 4000 119 77704 3983 119 77696
7057 152 116584 6606 152 114061 5935 152 103756 5494 152 102644 4797 152 90254 4645 152 87660 4660 152 87590
5984 89 102024 5599 89 97850 4786 89 87603 4389 89 86123 4224 89 87921 4100 89 85786 4079 89 85740
9247 122 152263 6688 122 117200 6362 122 114424 5320 122 100179 4257 122 83223 4098 122 80471 4069 122 80437
7683 114 124628 6923 114 119256 5433 114 96877 5840 114 83888 6617 114 82491 6376 114 80070 6000 114 79746
9252 168 154774 8792 168 153150 7659 168 138767 7159 168 135833 5834 168 111009 5024 168 96836 4979 168 96264
8291 59 136969 6850 59 124089 5836 59 107144 4954 59 95822 4104 59 82322 3900 59 78795 3884 59 78729
5197 56 88099 4418 56 77238 4198 56 78312 3629 56 69232 3190 56 62184 2991 56 59226 2988 56 59213
9710 194 158807 8305 194 138337 7275 194 132163 6610 194 124062 6515 194 125627 6577 194 130182 6567 194 130016
8952 170 150171 7447 170 129577 6463 170 118451 5522 170 105107 5627 170 103183 4654 170 86526 4599 170 85786
9194 118 154416 7956 118 138279 6687 118 122318 5368 118 101218 5786 118 110311 4864 118 93512 4848 118 93434
9482 274 153636 8440 274 137543 7728 274 130129 6734 274 119598 6791 274 128143 6054 274 111892 6026 274 111696
7920 93 135560 7293 93 124955 6744 93 125977 5536 93 106989 4089 93 81812 3927 93 78601 3907 93 78434
8683 108 144457 7294 108 125229 6904 108 122659 5327 108 101917 5051 108 98965 4118 108 80773 4001 108 80139
7602 74 129694 6636 74 119527 5519 74 102713 5173 74 100376 4297 74 82789 3566 74 70044 3508 74 69305
