104112 1342 936314 102250 1342 933996 104064 1342 977021 84843 1342 807662 68514 1342 694741 53099 1342 538344 52421 1342 528881
92656 650 811757 78063 650 729283 60458 650 553414 56471 650 561011 38012 650 395295 29545 650 324818 29511 650 324618
99514 806 898304 75589 806 688793 69989 806 642505 54076 806 511502 41234 806 416811 35483 806 380367 35768 806 379493
96689 805 824294 84715 805 725933 62542 805 509834 55247 805 511983 37533 805 355323 36242 805 376729 35839 805 373390
106481 1203 967957 96152 1203 882397 83997 1203 771495 71941 1203 688441 59347 1203 576783 53390 1203 567481 53195 1203 566097
80815 1029 708899 70281 1029 638472 66217 1029 623851 56886 1029 559091 42524 1029 428654 38679 1029 396586 38350 1029 394071
87270 942 747063 73499 942 626860 67051 942 602859 65539 942 618818 56523 942 607417 42558 942 433455 42293 942 433065
84258 608 741271 72806 608 650617 66912 608 630391 55146 608 529013 34226 608 352720 28619 608 303581 28079 608 298511
103018 1295 930196 97763 1295 879749 94420 1295 870750 81832 1295 801357 53783 1295 516624 50170 1295 506349 49817 1295 500218
89443 916 743661 81469 916 704793 65235 916 571172 60436 916 579556 44839 916 456716 41779 916 427251 41747 916 424546
86567 1270 765664 72390 1270 666325 74253 1270 729128 57630 1270 540585 53608 1270 522849 47092 1270 484111 46812 1270 481749
100307 917 906635 94804 917 877524 81843 917 737733 76125 917 725961 46666 917 463923 32128 917 302332 32002 917 299871
71834 582 599352 72278 582 628437 51800 582 450097 48996 582 481493 33585 582 357809 20926 582 184885 20589 582 184262
89940 743 769918 73246 743 682150 68971 743 651440 55409 743 533300 35247 743 327844 35293 743 360180 34902 743 358306
109597 890 1006054 90581 890 855920 89511 890 892738 66371 890 654764 46503 890 496029 40616 890 454715 40003 890 451521
80637 724 696499 67954 724 593512 59332 724 540333 50423 724 487416 29577 724 259424 29823 724 297684 29808 724 296797
79471 533 669505 61253 533 544496 52588 533 467945 46636 533 445328 38208 533 379150 21943 533 203433 21661 533 201601
82055 1230 694140 80946 1230 706644 70880 1230 608029 55854 1230 492364 53455 1230 502936 62880 1230 660129 61916 1230 653057
82857 882 721033 72862 882 639635 60634 882 545497 54927 882 538262 53146 882 563882 33816 882 351465 33929 882 350751
75485 1129 633680 69663 1129 633635 61988 1129 563976 49981 1129 478627 47469 1129 491582 39711 1129 411680 39678 1129 411098
105117 875 988648 103709 875 987898 76717 875 702718 68556 875 653751 50027 875 527800 37477 875 414460 36508 875 407148
