23349 114 279679 18900 114 241721 17083 114 228561 10241 114 142295 6138 114 88156 5405 114 78299 5399 114 77939
30588 396 362765 23986 396 296792 21989 396 285854 15734 396 210367 13019 396 181414 10765 396 147069 10634 396 146687
28803 233 335218 23930 233 290104 21300 233 274898 15536 233 214006 12523 233 183740 9934 233 143988 9925 233 142959
40886 444 373468 28243 444 329501 24726 444 307887 15143 444 186764 12909 444 178211 11923 444 168226 11868 444 167184
27534 194 329078 19625 194 244849 16270 194 215609 12491 194 173212 8623 194 121383 7151 194 102331 7129 194 102233
28529 474 341514 23426 474 274408 20129 474 249541 16015 474 203873 13359 474 171243 10750 474 135892 10830 474 135824
23625 269 273364 20679 269 251846 16023 269 199139 12603 269 167994 11462 269 166449 9727 269 139140 9674 269 138928
26388 175 311116 22799 175 279611 19056 175 254886 13690 175 191016 8370 175 115416 6333 175 86808 6262 175 86542
24431 474 281195 20626 474 238145 17976 474 228465 15708 474 201395 12687 474 176435 11691 474 162379 11679 474 162343
33785 448 401002 29069 448 350007 23211 448 288442 18298 448 236371 13287 448 182312 12971 448 187432 13083 448 187203
32151 328 390314 27993 328 338454 24007 328 314378 20194 328 291118 10615 328 142094 10927 328 154666 10870 328 154106
37341 276 451791 29343 276 362310 24017 276 303993 28890 276 274654 13626 276 188952 11540 276 170717 11488 276 170350
36105 433 448071 30305 433 365232 26600 433 326626 21296 433 276846 13842 433 191930 13387 433 192930 13187 433 191508
41528 412 510599 36047 412 446628 30339 412 384951 22754 412 301504 16473 412 241543 13412 412 194022 13346 412 193878
40098 784 483381 33441 784 404520 29340 784 358276 25778 784 328765 20693 784 276249 20782 784 298590 20855 784 298352
37264 566 439286 31235 566 377318 24811 566 309907 19210 566 246415 14473 566 188690 12468 566 165806 12353 566 165253
34488 478 402967 32226 478 399249 23126 478 292005 18487 478 238194 13319 478 179862 11513 478 154884 11313 478 154125
41739 550 498896 32080 550 393110 23052 550 286130 20824 550 269647 15774 550 217883 14177 550 195951 14048 550 194858
35909 402 435163 31980 402 398866 35696 402 358467 22354 402 298544 15008 402 215416 12584 402 185935 12509 402 185432
33908 272 399506 28569 272 356044 23480 272 302971 18077 272 248616 12120 272 172708 9258 272 135684 9188 272 135465
36988 464 445325 33002 464 409805 26387 464 324797 19038 464 248759 17502 464 248737 14503 464 209517 14524 464 208637
