24615 405 374530 20109 405 315016 18845 405 264693 17142 405 191602 9455 405 160885 7848 405 127561 7135 405 124483
25679 312 353801 24967 312 349631 21561 312 315382 19914 312 303670 12625 312 207257 9980 312 188134 7988 312 151960
29822 705 426030 26307 705 391488 23704 705 367886 17518 705 273387 15136 705 240176 12305 705 208360 11144 705 188687
30356 617 453981 28599 617 428624 23365 617 356199 20184 617 316204 15860 617 263727 14200 617 253657 12566 617 226238
21417 383 327875 17516 383 271145 12898 383 205795 10331 383 177044 8806 383 160694 7681 383 138219 7552 383 136833
22578 457 328721 22060 457 337513 17389 457 273774 13480 457 218693 9839 457 169944 8933 457 158370 8565 457 152835
27174 548 395399 25176 548 372392 21903 548 337415 17548 548 271178 13655 548 231308 10054 548 177460 9635 548 170557
25859 401 392208 20849 401 311707 18595 401 293446 17020 401 289658 12114 401 218850 10599 401 203234 9527 401 185871
26865 793 407618 24950 793 378321 22130 793 343569 18107 793 274080 16460 793 274650 15763 793 273643 14063 793 237560
28614 410 443974 21104 410 319138 18831 410 289387 14919 410 241031 10714 410 184508 10732 410 204308 9566 410 181761
28300 911 409851 25183 911 360287 22788 911 325783 22013 911 338760 19062 911 306738 14797 911 242487 13940 911 227770
31593 533 474662 25684 533 390448 23366 533 366226 16779 533 268232 14379 533 250293 12249 533 222115 10346 533 188755
23737 543 336222 20143 543 298334 18130 543 275669 14430 543 233127 10597 543 175900 9294 543 162865 9194 543 162115
29954 796 422879 27267 796 394192 22705 796 330348 18265 796 267672 14631 796 231731 13866 796 231248 13021 796 216007
36147 770 541864 30438 770 454401 25628 770 384312 23920 770 381881 17567 770 288476 17638 770 311813 14058 770 243137
25060 399 360893 22202 399 331109 18825 399 288651 15783 399 249659 11006 399 192738 9990 399 185697 9027 399 169280
25912 610 373812 23895 610 351172 19956 610 298106 17148 610 265168 13258 610 212268 11297 610 200814 11255 610 199463
30312 645 443642 23697 645 347314 21070 645 319470 18300 645 289326 15181 645 256864 14088 645 252160 12825 645 231443
23697 518 350592 20813 518 317431 18557 518 294219 14258 518 231845 11081 518 190396 9609 518 169455 9322 518 164220
25223 537 373792 23963 537 347892 20175 537 307983 16205 537 255019 12558 537 211322 11722 537 206178 9901 537 173143
28212 634 423769 25741 634 390230 22025 634 332761 17840 634 272407 13527 634 225309 10657 634 179900 10429 634 175277
