10741 104 175630 8759 104 151652 6814 104 121425 6424 104 123747 4885 104 93992 4051 104 78054 4149 104 78038
16098 289 248005 17998 289 230981 18838 289 213185 13922 289 155913 13910 289 174512 11193 289 136611 11141 289 136559
21901 291 220164 16946 291 175632 16666 291 182693 13302 291 154794 11774 291 141330 10333 291 123524 10230 291 123493
17244 80 179003 13695 80 152785 11598 80 137119 10538 80 130110 6910 80 86053 6281 80 80394 6137 80 79987
20261 146 204566 19861 146 217226 15125 146 175053 11766 146 143845 9060 146 111165 7781 146 96306 7693 146 96215
23456 100 244507 12906 100 213086 10782 100 193589 7952 100 151903 6282 100 124819 4487 100 88664 4391 100 87877
10637 63 169818 7457 63 127895 7067 63 126797 6317 63 121868 4437 63 89735 4113 63 85162 4092 63 84964
15656 341 241287 14198 341 224802 10999 341 181271 10363 341 183523 8450 341 153079 7447 341 134504 7398 341 133742
15296 192 242994 12461 192 208703 8790 192 151942 7378 192 135049 5668 192 103402 5957 192 116462 5939 192 115944
13007 162 209206 9777 162 163612 8459 162 148839 7782 162 145306 6501 162 123968 5272 162 102882 5257 162 102788
12322 103 198765 10139 103 167400 8096 103 147028 6963 103 131798 6174 103 122773 4730 103 95513 4718 103 95335
16251 83 262634 12673 83 214647 8366 83 148254 7096 83 130928 5350 83 103779 4480 83 88168 4414 83 87431
9169 163 142522 9038 163 148753 7337 163 126785 6184 163 114406 6252 163 121145 5646 163 111407 5598 163 110791
16124 277 250818 14245 277 224667 11416 277 187181 9098 277 159787 7942 277 145433 6948 277 131028 6873 277 130816
11701 150 186094 8964 150 146587 8436 150 150272 7238 150 135214 5501 150 102940 4672 150 87499 4662 150 87423
18728 423 286083 15146 423 234272 14483 423 231540 11566 423 193521 10252 423 179538 8551 423 154939 8511 423 154706
16058 197 250913 13145 197 214580 10708 197 183439 9014 197 165098 7037 197 130403 5457 197 102493 5388 197 101436
19113 415 300495 16345 415 264008 14418 415 241772 11230 415 193489 10650 415 190922 8039 415 141173 8066 415 141037
14370 253 215875 12750 253 200712 10475 253 175653 10082 253 184036 8348 253 156182 6673 253 120725 6613 253 120678
13267 201 214887 10539 201 174018 8833 201 151481 7684 201 141164 5931 201 112222 5381 201 102431 5439 201 102178
18943 154 297002 16027 154 267211 11386 154 202112 9123 154 164770 6654 154 123744 5472 154 105562 5408 154 104790
