79112 840 631490 78172 840 658297 56283 840 464168 47075 840 428581 44898 840 446786 37495 840 372953 37174 840 371925
127602 432 1061598 85671 432 730383 70072 432 608602 54371 432 498313 33371 432 321899 17309 432 156056 17183 432 155287
72919 439 607129 75162 439 642023 50797 439 432112 40063 439 348269 35627 439 349718 29136 439 290950 28982 439 290330
106417 655 756002 82085 655 675208 67488 655 572060 57375 655 512259 38743 655 364004 29085 655 287417 29025 655 287391
117346 844 955731 104536 844 876352 75436 844 682759 58564 844 537090 45637 844 458415 39210 844 410419 39031 844 408822
105277 725 848425 99291 725 832300 76931 725 666476 53528 725 483424 37883 725 356729 41455 725 450315 40961 725 447819
108042 523 857766 109054 523 866217 74912 523 591548 59068 523 542109 25152 523 212418 24349 523 227622 23513 523 223749
114102 1293 946685 170135 1293 944291 123836 1293 724615 120597 1293 749838 103070 1293 708162 70585 1293 724306 67773 1293 703655
134926 1006 1096758 115166 1006 1043799 95101 1006 869759 75907 1006 703303 49513 1006 477175 44235 1006 451066 43893 1006 447678
104869 804 796474 84236 804 687641 67418 804 571808 57020 804 427719 59919 804 527361 28731 804 272614 28703 804 272340
118176 776 943819 103626 776 850230 86347 776 726236 78285 776 611691 62780 776 604123 39822 776 402402 39280 776 398478
90087 478 730003 79789 478 640322 58526 478 511117 38148 478 331485 21598 478 199829 17796 478 166802 17751 478 166278
97819 662 811560 96754 662 818837 73228 662 631120 50698 662 465448 33772 662 333203 32323 662 336403 32298 662 336221
113142 752 895326 99547 752 786967 92371 752 717213 51516 752 436888 37593 752 345331 34506 752 355000 34051 752 352899
107959 362 887011 112796 362 924602 89414 362 773810 57143 362 512864 31581 362 310606 22148 362 234944 21766 362 233058
123540 855 995213 105456 855 865862 78456 855 647048 61945 855 555779 47274 855 457756 32038 855 301064 31721 855 298319
115031 668 875636 99121 668 834825 79054 668 676754 58579 668 506502 48499 668 491247 41631 668 435523 49676 668 431144
127468 854 726044 123229 854 709917 113392 854 684475 90272 854 590616 64840 854 416268 59690 854 440109 49826 854 438052
119526 988 960839 86060 988 744578 89172 988 719743 61367 988 571023 47807 988 470289 35647 988 333843 35607 988 333237
136753 663 1177508 102471 663 951314 85117 663 803652 67386 663 659134 51325 663 561589 32262 663 354762 32343 663 354155
122465 1317 1059825 113672 1317 993455 97730 1317 849939 77711 1317 710915 60366 1317 564472 40972 1317 370458 45511 1317 368002
