64688 745 433173 51166 745 350649 48081 745 293849 54446 745 259739 46861 745 234692 38272 745 204416 34811 745 193355
85358 606 391302 53325 606 358586 50495 606 317899 31981 606 206778 26554 606 209329 22567 606 191951 20352 606 175888
52138 614 356601 43712 614 302677 36175 614 258058 32524 614 241819 23486 614 193907 22180 614 199422 22056 614 199030
53781 643 363155 45763 643 320525 39975 643 281816 37137 643 271078 31135 643 243527 25789 643 214323 21228 643 178446
41756 579 277028 40262 579 270668 31596 579 220613 27261 579 199989 22427 579 183002 18740 579 156360 18703 579 156174
54922 1122 362587 48978 1122 326883 48096 1122 330239 39647 1122 277209 34920 1122 258898 31103 1122 236130 31693 1122 245671
48944 799 325309 48351 799 331920 43635 799 298426 36006 799 256227 29534 799 231184 25166 799 217133 24046 799 212496
56558 426 370638 44202 426 294407 36940 426 257637 27868 426 205203 19190 426 159709 16773 426 146100 16235 426 141854
51777 795 353072 48492 795 336419 42668 795 296635 40255 795 297108 30078 795 238447 25056 795 202051 22665 795 192624
64646 982 420953 58527 982 397537 49149 982 332734 47205 982 333196 36986 982 273325 32010 982 245949 30513 982 244670
49268 667 342784 38208 667 256415 37658 667 268279 30366 667 210673 22560 667 168315 19957 667 158399 19811 667 157803
81330 644 372469 68911 644 321216 59846 644 287261 51108 644 250307 39388 644 203051 38695 644 215535 32368 644 188622
59094 424 394739 49050 424 343629 36397 424 261793 27262 424 202956 20240 424 165757 15631 424 136756 15194 424 133284
51810 598 347443 48225 598 337533 37740 598 263256 30720 598 224555 22853 598 176996 19418 598 166128 18931 598 161873
43678 618 293054 36224 618 244105 32217 618 231257 27211 618 211901 21415 618 171044 19423 618 159796 18669 618 151011
53010 562 353964 42147 562 286723 36060 562 255339 28100 562 212862 21002 562 166217 18680 562 156532 18039 562 152240
55720 801 393807 48346 801 335924 40912 801 287747 35109 801 257625 29497 801 219579 28090 801 227129 24729 801 206172
52928 904 347201 44548 904 295734 41797 904 283567 38689 904 273725 32349 904 248022 28203 904 223075 25167 904 199428
68287 914 419191 50690 914 350240 45515 914 322087 37234 914 270851 26745 914 202584 25942 914 202891 23422 914 186016
58039 637 394987 48611 637 340165 38986 637 274390 29528 637 214885 21842 637 170988 23898 637 197774 21314 637 177438
59268 834 408010 54576 834 375622 50364 834 349454 43231 834 314030 32962 834 251364 29451 834 233502 26359 834 217540
