21291 42 327242 5483 42 94197 3607 42 66379 2643 42 53144 2121 42 45824 1938 42 43375 1851 42 42126
21169 37 328892 5502 37 95082 3716 37 68426 2717 37 54653 2164 37 46736 1967 37 44025 1862 37 42590
20601 41 317611 5475 41 94898 3592 41 67350 2664 41 54023 2135 41 46292 1937 41 43765 1824 41 42282
21659 42 332317 5429 42 93247 3701 42 67881 2761 42 53824 2127 42 45530 1949 42 43085 1861 42 42023
21425 44 327975 5503 44 94640 3654 44 67687 2702 44 53862 2156 44 46402 1964 44 43629 1846 44 42146
21578 42 334500 5482 42 93972 3621 42 67072 2670 42 53551 2159 42 46416 1952 42 43622 1856 42 42338
21224 36 324873 5505 36 94587 3694 36 67797 2753 36 54734 2145 36 46382 1970 36 43639 1857 36 42194
21394 44 331131 5562 44 96260 3676 44 68484 2699 44 54438 2137 44 46099 1954 44 43728 1862 44 42438
21256 41 330328 5522 41 94602 3612 41 67429 2742 41 54109 2144 41 46575 1962 41 43736 1845 41 42309
21082 40 325228 5501 40 94326 3696 40 67847 2718 40 54481 2191 40 46253 1995 40 43492 1885 40 42006
20722 43 320686 5533 43 95730 3651 43 68252 2695 43 54326 2130 43 46208 1986 43 43450 1841 43 42224
21402 39 331943 5475 39 95004 3587 39 67307 2679 39 54560 2112 39 45682 1914 39 43358 1814 39 41890
21191 37 324823 5502 37 93904 3650 37 67067 2740 37 54375 2121 37 45532 1937 37 43104 1861 37 41978
21442 44 330752 5592 44 95682 3700 44 68418 2752 44 54761 2142 44 46599 1988 44 43774 1842 44 42319
21162 35 326981 5451 35 94178 3624 35 67773 2698 35 54183 2150 35 46186 1943 35 43500 1840 35 41953
21118 40 323605 5373 40 92816 3585 40 67138 2637 40 53345 2087 40 45748 1913 40 43140 1809 40 41957
21099 42 326677 5529 42 94775 3638 42 67721 2664 42 53875 2089 42 45695 1897 42 43295 1811 42 42125
20957 45 325979 5512 45 95312 3622 45 68087 2707 45 54771 2083 45 46034 1948 45 43506 1816 45 42370
20931 43 322364 5587 43 94862 3781 43 68950 2803 43 55298 2169 43 46668 1959 43 43901 1863 43 42410
20897 36 322488 5551 36 95123 3674 36 67965 2665 36 53815 2134 36 46245 1942 36 43433 1824 36 42070
21012 39 322875 5367 39 93907 3539 39 66512 2720 39 54320 2071 39 45417 1928 39 43264 1832 39 42035
