6151 27 130641 4861 27 106388 4399 27 100112 2869 27 68225 3163 27 76994 2641 27 64842 2630 27 64666
4067 20 85523 4329 20 98845 4489 20 104804 3195 20 73171 2865 20 69131 2331 20 56979 2299 20 56774
4450 40 94223 3754 40 82658 3602 40 81152 3261 40 76346 2795 40 65583 2475 40 59283 2464 40 59060
4219 25 89746 3931 25 87533 3603 25 82720 3598 25 85580 2919 25 71411 2402 25 59151 2412 25 59130
4689 62 95717 4110 62 88924 3461 62 76740 3225 62 74365 3212 62 78334 3113 62 76062 3130 62 76048
4633 30 99007 4092 30 91083 3309 30 76317 3177 30 76191 2912 30 72782 2821 30 69882 2823 30 69875
7956 27 107528 5039 27 89020 3536 27 80082 3093 27 70876 2690 27 64944 2537 27 60897 2471 27 59975
4205 15 89850 3797 15 83829 3794 15 88170 3518 15 84720 3015 15 71589 2363 15 58079 2389 15 57966
4270 32 85882 3789 32 81048 3345 32 73793 3148 32 73405 2575 32 61726 2484 32 59670 2447 32 59568
3976 28 84473 3514 28 77898 3383 28 78574 3401 28 83356 2812 28 69320 2704 28 67273 2693 28 67216
4191 29 88316 3637 29 80614 3038 29 68360 2886 29 65529 2884 29 70058 2830 29 69085 2813 29 69074
3981 27 82779 3285 27 72305 3535 27 82161 3413 27 83102 2666 27 65538 2755 27 68842 2757 27 68830
4540 25 96834 3801 25 84829 3231 25 75024 2458 25 57989 2595 25 62762 2430 25 59808 2510 25 59649
3794 36 78441 3766 36 82060 3131 36 71016 2883 36 66919 2761 36 65814 2681 36 65578 2677 36 65442
4629 37 96051 4385 37 93775 3620 37 80976 3527 37 82026 2801 37 68013 2769 37 67931 2743 37 67612
4343 24 91416 3886 24 85367 3279 24 76020 2969 24 70257 2678 24 65571 2605 24 64571 2540 24 63239
4580 20 97589 3687 20 80939 3413 20 79247 3493 20 81908 2314 20 55784 2270 20 53575 2193 20 53485
3946 27 84030 3756 27 83851 3365 27 76497 3103 27 74125 2656 27 62223 2606 27 64166 2576 27 63900
4342 31 93555 4058 31 88818 3417 31 78402 3227 31 76715 2442 31 57103 2321 31 54344 2292 31 54092
4385 51 91979 4219 51 91458 3871 51 86922 3822 51 89160 3343 51 80156 2910 51 70726 2892 51 70624
4786 25 103085 4126 25 92620 3576 25 82910 2786 25 66459 2700 25 64966 2524 25 62080 2504 25 61988
