37848 821 403452 35361 821 387575 27969 821 315095 22509 821 259875 20080 821 245301 17868 821 231071 17578 821 237342
38039 944 413380 36660 944 417814 30913 944 346537 28016 944 328222 23810 944 293612 20160 944 252801 17730 944 219773
30048 735 321676 27523 735 312210 22774 735 260506 20093 735 230778 15369 735 187926 14604 735 184616 14327 735 181266
33778 715 374313 25652 715 281089 22991 715 261889 19295 715 226785 14828 715 179011 13140 715 162595 12746 715 157671
34622 803 360690 33043 803 363115 30201 803 335085 24925 803 293408 20288 803 249221 19441 803 254098 18250 803 237876
31566 697 340181 27831 697 294386 24877 697 271443 21945 697 249800 18040 697 212724 15506 697 196458 14192 697 180026
32566 904 353116 31391 904 347793 26408 904 296612 22351 904 260403 19674 904 232527 18891 904 243700 16082 904 203121
35561 759 370157 33956 759 365971 29080 759 312980 24925 759 285272 18505 759 231793 17883 759 231399 16611 759 216812
43246 746 451915 38128 746 407505 34028 746 374893 29013 746 336753 21618 746 253368 17648 746 231041 16044 746 211485
35982 708 394101 32191 708 353284 29070 708 331752 23605 708 278679 19821 708 245459 16594 708 218817 15265 708 202124
39099 939 416964 41057 939 451786 30920 939 339565 26729 939 296334 22322 939 255164 21291 939 268196 20561 939 259950
34464 894 365166 32162 894 342448 36353 894 305128 23318 894 266182 21592 894 258853 20197 894 258457 18401 894 229461
41898 769 440977 38970 769 407295 36159 769 395613 31020 769 353311 22191 769 269386 18605 769 237400 17877 769 238891
42639 660 474531 33862 660 378500 31198 660 362110 23812 660 276953 20258 660 258139 18322 660 245466 14968 660 199415
31964 701 339766 29203 701 321202 27130 701 309111 21571 701 249202 17421 701 212940 13719 701 173366 13586 701 172380
37871 948 406774 32507 948 353465 27383 948 305527 24141 948 271501 21549 948 247584 18005 948 219284 17287 948 212199
39515 645 421311 39800 645 434365 33261 645 364880 28332 645 327660 22161 645 275898 17368 645 239512 15291 645 213719
37465 999 407468 36141 999 401316 30570 999 342432 31298 999 309664 26764 999 263446 22326 999 274813 18671 999 235979
26722 714 285930 22501 714 240283 22750 714 254617 19311 714 223719 15871 714 193768 13882 714 175184 13813 714 174847
35647 490 381741 33563 490 367328 29723 490 321434 23310 490 269515 16029 490 202570 14572 490 200615 13729 490 189100
38311 607 430117 31882 607 369243 28956 607 335396 23473 607 282350 20019 607 259627 17667 607 248995 15358 607 214834
