128952 1342 1085601 114989 1342 968045 136217 1342 1237698 98241 1342 889020 66594 1342 622691 54426 1342 544032 53451 1342 536358
117264 650 973164 107338 650 861442 72558 650 635426 52980 650 486476 39193 650 393262 31630 650 347769 31604 650 347569
127878 806 1063843 94215 806 828244 80236 806 680419 57032 806 488147 44276 806 433392 33682 806 339308 33609 806 338434
145661 805 1157157 110540 805 915212 91812 805 779177 55784 805 477777 37810 805 348052 32486 805 314192 31826 805 310051
147486 1203 1176137 100936 1203 829940 86072 1203 721511 74215 1203 669347 60660 1203 572113 59836 1203 629841 59515 1203 627110
103766 1029 884799 87107 1029 744624 79738 1029 713338 62911 1029 599046 47180 1029 476369 40196 1029 408028 39913 1029 403240
110849 942 923015 90944 942 681874 80454 942 684457 74932 942 695220 44088 942 420105 44450 942 449126 44088 942 448575
106598 608 874069 87702 608 748482 77676 608 680924 57151 608 524959 35548 608 356651 29408 608 304906 28795 608 300017
145306 1295 1219084 115719 1295 968832 99781 1295 886552 85036 1295 788679 54603 1295 507668 51642 1295 503234 58171 1295 497353
120882 916 961751 103667 916 854213 81252 916 715054 67987 916 621965 54212 916 551266 41155 916 412863 40640 916 410016
102128 1270 874053 98903 1270 868302 74067 1270 681049 69651 1270 658901 62508 1270 517725 72458 1270 493545 71382 1270 490242
159163 917 1123943 115455 917 1019857 100082 917 898815 81894 917 744129 42831 917 384531 29200 917 259527 28742 917 256902
111310 582 880877 80864 582 665061 70926 582 624716 58288 582 548527 33378 582 344980 26340 582 264996 26291 582 264373
132380 743 1089943 80237 743 670875 78723 743 645763 49478 743 430974 38134 743 365773 33840 743 315553 37545 743 310678
128294 890 1119747 125123 890 1140358 100342 890 896933 67578 890 607029 47879 890 504555 38052 890 394886 37457 890 391048
118125 724 981291 93054 724 798775 65161 724 570664 55992 724 520033 34846 724 325600 26182 724 251327 26018 724 250440
115036 533 907008 89723 533 715972 85783 533 704513 52364 533 494568 39873 533 399525 28999 533 287747 28736 533 285225
121692 1230 1027398 113740 1230 877553 136867 1230 794364 99057 1230 587034 84843 1230 530542 84048 1230 562952 82801 1230 555568
154409 882 929772 91800 882 777403 90532 882 736022 66599 882 625305 53744 882 537314 35150 882 361383 34781 882 359889
109460 1129 876782 90973 1129 757430 70698 1129 617793 55296 1129 516834 47176 1129 466592 41472 1129 412584 41498 1129 412002
125434 875 1058854 136172 875 1188735 98489 875 896312 75874 875 711289 54285 875 574684 35558 875 375777 34470 875 368416
