1223888 4945 12675660 1204504 4945 12727348 1157639 4945 12191312 924124 4945 9574004 919263 4945 9918857 700612 4945 7685783 553116 4945 6379074
1066093 6683 11291774 1238889 6683 13312020 1197765 6683 13098643 1027837 6683 11251788 871903 6683 9518378 733375 6683 8068631 701416 6683 7739953
1186960 8147 12575451 1151388 8147 12162552 1034086 8147 10976423 1101268 8147 11036197 886071 8147 9704086 789546 8147 8527838 693753 8147 7681047
1225008 6559 12687647 1091631 6559 11270253 1031639 6559 10624931 878598 6559 9202928 767707 6559 8095985 922557 6559 7602669 759719 6559 8038849
902918 5093 8950857 1066473 5093 10622009 820233 5093 8027015 730883 5093 7168361 637990 5093 6414124 569511 5093 5861113 587964 5093 6350882
1131055 5833 11685788 1197753 5833 12971477 982848 5833 10452975 799634 5833 8655488 778293 5833 8706200 662020 5833 7556952 501562 5833 5766047
1031483 6286 10682730 1032139 6286 10777746 1046022 6286 11115404 909462 6286 9728157 737226 6286 7919839 630866 6286 6887097 518595 6286 5689674
1361197 6967 14448894 1305861 6967 13877198 1205243 6967 11399321 1004647 6967 10552630 1057330 6967 11209328 911307 6967 10031226 586463 6967 6363708
1072278 5252 11202229 1132760 5252 10729458 791911 5252 8301344 873657 5252 9273211 813992 5252 8945056 618164 5252 6672814 644432 5252 6160524
1321106 5799 14055005 931240 5799 9565046 986039 5799 10353979 839821 5799 8708523 742763 5799 7967709 588285 5799 6197455 526612 5799 5923614
1124675 5458 11249099 1507033 5458 13719841 1270899 5458 12919873 1195120 5458 12371919 930408 5458 9816100 586749 5458 5958271 580012 5458 6381628
1223728 5909 12809372 1133414 5909 11966571 1013647 5909 10740930 1092544 5909 11591355 901430 5909 9672920 784588 5909 8550704 658434 5909 4934879
1080916 5228 11448080 1024140 5228 10773605 1093816 5228 11783160 895380 5228 9651068 870891 5228 9520687 752096 5228 8494918 488533 5228 5607382
1233708 7249 13230321 970862 7249 10244583 1134989 7249 12488228 942659 7249 10344232 917189 7249 10234225 731917 7249 8219824 778045 7249 8960663
1084282 7125 11356607 1104672 7125 11717431 1103343 7125 11777198 1059464 7125 11311105 859837 7125 9380863 720677 7125 8012057 853912 7125 7911715
1261549 7313 13572654 1153528 7313 12250300 1231552 7313 12116361 1183239 7313 11219272 993666 7313 11081931 930471 7313 10205617 733855 7313 7458869
1293819 6734 12650182 1119062 6734 11942986 988811 6734 10544633 1328507 6734 12328985 957397 6734 10660288 739089 6734 8056175 695244 6734 7988921
1331040 6255 14284332 1111617 6255 11849921 1152967 6255 12404712 970198 6255 10474033 855100 6255 9359970 864595 6255 9776664 614686 6255 6740553
1280743 7433 13416942 1131485 7433 11637888 999791 7433 10478884 1035669 7433 11012464 874608 7433 9378017 788048 7433 8679649 617385 7433 6610175
809311 6075 8317734 1127396 6075 9844995 698602 6075 7361643 706805 6075 7490350 643214 6075 6881874 564236 6075 6095856 570099 6075 6197311
1248658 6160 13016424 1428238 6160 12836487 1171483 6160 12438203 887138 6160 9199292 859032 6160 8775701 861630 6160 9492215 583885 6160 6660936
