11177 179 177990 11170 179 185292 8278 179 139872 7383 179 133056 6352 179 116984 4939 179 89830 4894 179 89278
12726 102 208976 9846 102 162081 8369 102 148080 6486 102 128530 5756 102 118878 5268 102 110280 5171 102 108863
8409 121 134415 7493 121 119591 5729 121 100785 5301 121 99311 4940 121 98202 4870 121 95906 4874 121 95851
10286 51 169557 10035 51 178077 7735 51 144640 6603 51 126472 4152 51 81591 3676 51 72517 3634 51 72013
11937 159 190241 9496 159 155290 9631 159 169774 6441 159 119828 5812 159 111134 4949 159 95082 4950 159 94189
11516 69 191157 8582 69 150559 6973 69 125591 6853 69 130962 4166 69 77739 3311 69 61020 3279 69 60827
9932 119 168186 6843 119 117378 6713 119 123528 5807 119 112922 4338 119 82822 4175 119 80353 4172 119 80345
9563 152 148741 8525 152 138509 6024 152 100947 6179 152 112987 5043 152 94829 4895 152 92612 4870 152 92542
7399 89 116638 6655 89 113295 5773 89 103283 4907 89 94488 4202 89 81967 4125 89 79194 4046 89 79148
13056 122 205417 10214 122 172467 8340 122 148809 6038 122 113034 4692 122 89586 4332 122 83572 4301 122 83538
11772 114 188157 8841 114 146034 7261 114 127593 5825 114 110713 4584 114 87887 4444 114 84700 4355 114 84376
13163 168 213178 11340 168 188629 9780 168 172987 7381 168 134874 5830 168 109076 4952 168 93096 4893 168 92524
9847 59 157255 8649 59 147232 7425 59 132823 5953 59 110818 5288 59 106820 4567 59 92500 4552 59 92434
7310 56 123918 5517 56 94324 4564 56 82475 4290 56 81654 3244 56 62717 3099 56 59759 3070 56 59746
12481 194 198279 10556 194 171457 8921 194 154327 7579 194 136943 6897 194 130163 6749 194 129525 6710 194 129359
13286 170 214348 11499 170 193980 7631 170 132995 7279 170 132832 5908 170 110880 6648 170 97614 8105 170 96874
12693 118 206468 9827 118 164508 8663 118 152092 6768 118 125288 5828 118 112579 4897 118 92010 4752 118 91932
11216 274 171885 11235 274 179898 9980 274 167019 8006 274 142451 6878 274 127593 6139 274 112194 6122 274 111998
10818 93 176072 9481 93 164273 7545 93 132131 6177 93 116874 4837 93 91056 4059 93 76696 4045 93 76529
12570 108 204479 11165 108 189625 10183 108 182111 6874 108 128041 4798 108 91060 3946 108 76546 3905 108 75912
11347 74 190860 10013 74 176566 7679 74 139231 5693 74 108121 4566 74 87206 3766 74 72599 3658 74 71633
