5910 57 117483 5173 57 110030 5335 57 119637 5034 57 116799 3654 57 88260 3266 57 79482 3210 57 78598
4834 51 96596 4203 51 90971 3658 51 81982 3299 51 76480 2955 51 71319 2886 51 70069 2867 51 69846
5362 61 106479 4745 61 99442 4412 61 97962 3758 61 86974 3506 61 82433 3188 61 76624 3157 61 76558
5887 58 115198 5151 58 108472 4542 58 97971 3717 58 87647 3754 58 90339 3224 58 77828 3207 58 77773
5537 37 113981 4554 37 96695 4295 37 97661 3584 37 82307 3303 37 79705 2784 37 68102 2752 37 67960
4946 24 101478 4216 24 89025 3799 24 86385 3558 24 84800 2509 24 59481 2249 24 54144 2212 24 53972
8591 37 173960 6464 37 139676 5283 37 118928 5249 37 122557 3561 37 85416 3024 37 72378 2969 37 71624
6781 58 137797 5302 58 111112 5368 58 107917 4586 58 106685 3936 58 93860 3205 58 77401 3166 58 76606
6195 66 122617 5053 66 106210 5041 66 110142 4408 66 103080 4165 66 99768 3591 66 84457 3503 66 84403
6281 51 125636 4988 51 105453 3994 51 88740 3833 51 87652 3650 51 88620 3051 51 74877 3028 51 74766
5341 44 109943 5978 44 130769 4720 44 106199 3803 44 89185 3085 44 75477 3091 44 76159 3048 44 75738
6646 92 131990 5279 92 107283 4737 92 101446 4548 92 105383 4156 92 96648 3678 92 87636 3661 92 87397
5545 54 108785 5226 54 109892 4487 54 101455 4103 54 95052 3618 54 87487 3078 54 74387 3053 54 74347
4004 14 84943 3745 14 83091 3325 14 75634 3155 14 77057 3179 14 77118 2418 14 58638 2426 14 58529
6774 91 134624 5129 91 107061 4127 91 89967 3917 91 87769 3577 91 85537 3536 91 84983 3520 91 84882
4770 37 96591 4204 37 88877 4068 37 89823 3376 37 79471 2805 37 67899 2613 37 64470 2607 37 64394
5263 14 110459 3913 14 85648 3458 14 79207 3282 14 78498 2606 14 63603 2508 14 61104 2475 14 60997
5121 47 106118 4916 47 106175 4216 47 94184 4095 47 95674 3556 47 85238 3003 47 72955 3027 47 72937
4905 23 100639 4151 23 89364 4044 23 93354 3453 23 82111 2676 23 64366 2334 23 56869 2298 23 56446
5392 49 107937 4304 49 93064 4115 49 92725 3558 49 83657 3321 49 76772 2774 49 65147 2745 49 64433
5422 30 111277 5102 30 109057 4669 30 106379 4422 30 104053 3095 30 75769 2679 30 66295 2659 30 66236
