185580 1248 2618854 185152 1248 2563110 164428 1248 2352965 129521 1248 1842193 136140 1248 2080688 104441 1248 1600179 94308 1248 1489769
231499 1135 3421800 207603 1135 3068819 147531 1135 2127841 178260 1135 2705566 117362 1135 1652920 99733 1135 1572632 65784 1135 1043717
206416 1480 2957437 203989 1480 2944300 203842 1480 2949641 196337 1480 2886667 161626 1480 2192448 179777 1480 1892621 148667 1480 1713874
219376 945 3135020 194423 945 2731565 161928 945 2317299 155690 945 2269569 113116 945 1650418 86445 945 1328258 72200 945 1208119
193402 1471 2808901 217368 1471 3154168 171861 1471 2530402 156250 1471 2333613 126923 1471 1924505 97306 1471 1485769 98317 1471 1536679
236961 1186 3470611 226592 1186 3282861 208521 1186 3029357 189001 1186 2674380 144321 1186 2138806 131907 1186 2000172 98262 1186 1606011
188123 1279 2675278 252476 1279 2830474 226116 1279 2475557 141041 1279 2028719 113831 1279 1679325 102293 1279 1528504 95841 1279 1296408
216002 1883 3063088 196051 1883 2825611 166221 1883 2408041 166065 1883 2441386 141520 1883 2084675 144511 1883 2009663 157854 1883 2090317
245248 1704 3317685 258878 1704 3597106 231464 1704 3341469 216873 1704 3117159 173693 1704 2527595 126594 1704 1854983 112470 1704 1758074
244405 1543 3527183 232856 1543 3291992 184330 1543 2659938 180165 1543 2649726 151533 1543 2213860 133048 1543 2031700 119639 1543 1854348
235419 1612 3266339 189314 1612 2587853 192837 1612 2584585 177583 1612 2475067 142274 1612 2003007 138979 1612 2073012 98826 1612 1485965
180346 1242 2586381 193385 1242 2808392 152806 1242 2254634 136629 1242 2032247 123711 1242 1916430 122399 1242 1796921 98714 1242 1559397
202108 994 2902774 229023 994 3376676 195779 994 2946572 155253 994 2310451 132642 994 2030809 86876 994 1345743 74158 994 1212961
220495 1439 2965467 223430 1439 3160015 200512 1439 2852770 155955 1439 2197690 148838 1439 2161054 111017 1439 1636656 82756 1439 1240447
223184 1830 3179595 191361 1830 2677550 186009 1830 2512896 165640 1830 2388750 140447 1830 2034654 121942 1830 1798169 102128 1830 1544221
194710 1492 2750840 188439 1492 2676090 201828 1492 2935706 190210 1492 2806286 152992 1492 2170365 112688 1492 1679281 110808 1492 1689322
305871 1596 3610031 309144 1596 3094229 258666 1596 2585097 186582 1596 2587276 156317 1596 2256856 120427 1596 1823242 91291 1596 1460401
191116 1855 2708455 170355 1855 2437802 173440 1855 2514214 165621 1855 2425463 141810 1855 2097393 124545 1855 1848795 127013 1855 1920112
204403 1450 2844037 189522 1450 2733378 148620 1450 2164133 161785 1450 2386536 118037 1450 1705979 103055 1450 1598586 84753 1450 1350821
220815 1290 3189203 249867 1290 3415657 235331 1290 2854428 176625 1290 2551540 168555 1290 2482865 134200 1290 2001487 115404 1290 1847491
260783 1328 3689694 232919 1328 3311635 197747 1328 2811388 176677 1328 2404720 138788 1328 2038384 123162 1328 1853155 104933 1328 1647450
