31496 361 357686 22584 361 264909 21671 361 269564 17149 361 231975 13637 361 196605 13818 361 208057 13746 361 207371
36207 512 429252 31256 512 385524 23424 512 298480 20964 512 282245 16580 512 236532 15170 512 219542 15129 512 219535
39951 549 476110 32202 549 401515 26496 549 338922 23614 549 315836 19222 549 280404 16238 549 236985 16226 549 235326
34018 478 400924 26758 478 319213 22961 478 301396 17308 478 222861 15751 478 213435 12559 478 175605 12524 478 175432
47486 396 566321 37115 396 469355 32434 396 426436 21340 396 281514 19605 396 190568 14313 396 163397 11691 396 161677
47484 554 571117 39350 554 481854 32329 554 416623 25559 554 326761 18853 554 264005 17773 554 260058 17681 554 259588
37888 541 440051 33468 541 405365 25517 541 314318 22279 541 293673 16703 541 228293 16123 541 231323 16057 541 230627
38905 674 469707 32533 674 396354 30030 674 384423 25484 674 333821 17242 674 237333 16128 674 219485 15981 674 219323
37117 382 420109 31348 382 369847 24129 382 295586 16468 382 209099 14241 382 200185 11918 382 171802 11791 382 170749
49901 438 590199 39781 438 509361 32419 438 412457 22411 438 289208 18685 438 269982 16503 438 256520 16444 438 255807
45109 230 531958 34086 230 419726 26497 230 344089 21218 230 286841 11999 230 176307 10011 230 148365 9759 230 144902
45815 351 452533 32669 351 415674 24558 351 317906 18359 351 251278 12362 351 176951 10844 351 157349 10775 351 156233
41527 682 477602 36271 682 439307 29485 682 360521 26300 682 341674 19545 682 266861 18375 682 261260 18411 682 261033
45586 811 545457 39524 811 484201 33177 811 423611 26339 811 344628 20179 811 268926 19877 811 274603 19757 811 273056
73747 543 589102 63600 543 534094 50324 543 430763 36757 543 323462 26341 543 249489 21657 543 204079 21206 543 201511
44776 675 540661 43766 675 544647 36258 675 461697 29477 675 381240 19242 675 259875 17005 675 235019 16993 675 232832
34583 591 398134 26650 591 308549 21535 591 257277 17283 591 209390 16133 591 226427 14068 591 184486 17450 591 184411
51402 592 623271 41207 592 507690 36198 592 462650 30364 592 410132 22063 592 318514 16856 592 245797 16530 592 241685
31506 761 365226 28473 761 345530 25387 761 318749 20831 761 259838 21258 761 300026 18077 761 257287 17890 761 257242
43914 552 517722 35343 552 439129 27395 552 345581 17896 552 227064 16041 552 213349 13441 552 182881 13286 552 182133
30237 560 341339 28381 560 339092 22451 560 281503 16720 560 214154 17107 560 235203 13491 560 187321 13462 560 186876
