56445 153 1136935 50222 153 1009411 49822 153 1019216 35188 153 706198 24717 153 502684 20146 153 430352 21432 153 473128
56745 184 1093440 72480 184 1464135 46131 184 917642 35909 184 708164 25276 184 517810 22164 184 463666 24546 184 548254
66579 177 1304132 68472 177 1380561 56330 177 1151483 33286 177 658347 28329 177 581290 27132 177 586082 19889 177 433769
61544 230 1183205 70299 230 1255511 42506 230 845669 40669 230 821469 33758 230 693671 28985 230 609566 21708 230 469729
59235 229 1159302 68417 229 1389886 49274 229 978610 37355 229 750900 30220 229 624587 24412 229 526369 22719 229 508746
59000 231 1175576 49645 231 994176 42696 231 873729 41269 231 855273 37719 231 604811 27713 231 501474 17408 231 372419
67959 211 1389424 51845 211 1058357 50122 211 1032295 42252 211 864667 25912 211 550747 25981 211 557294 19154 211 415776
58725 191 1160647 63412 191 1274908 58032 191 1179047 36700 191 749895 35570 191 741267 23231 191 490819 23473 191 492817
63312 199 1258254 58083 199 1155021 47805 199 962547 35776 199 704785 32847 199 672251 23431 199 499656 24752 199 526109
65869 224 1301415 48375 224 941064 49058 224 979509 39501 224 792633 30637 224 627961 24065 224 500018 24491 224 539306
59721 175 1198621 40109 175 803928 46956 175 956636 37204 175 764405 30536 175 644852 25393 175 551173 20359 175 454284
72155 235 1457048 52988 235 1056130 41021 235 817353 38831 235 791039 32531 235 693704 25502 235 575934 25910 235 543682
59382 272 1164656 50835 272 1023333 55602 272 1156478 39543 272 796349 34085 272 705034 32328 272 522085 21660 272 445130
62053 161 1252145 53485 161 1079832 48645 161 990695 38654 161 787731 24782 161 525263 20168 161 440566 20773 161 460812
60055 254 1181218 58623 254 1163447 49937 254 995530 43591 254 875806 30712 254 628348 24351 254 515094 18508 254 378632
69610 179 1395215 53798 179 1088424 42065 179 849980 45614 179 947840 31867 179 661081 24272 179 528309 23442 179 513109
52630 232 1039291 54198 232 1075852 44194 232 902184 34962 232 715220 32168 232 678509 30506 232 671888 27263 232 610688
61463 170 1237903 51135 170 1034010 46730 170 960447 47200 170 945746 35899 170 640582 24320 170 528477 20895 170 456307
67543 230 1351171 63825 230 1193168 73918 230 969828 45613 230 730732 29066 230 592644 25196 230 533158 23450 230 517493
73416 225 1472774 66036 225 1326474 50387 225 1020141 36148 225 725755 32046 225 667968 20690 225 434215 23773 225 525828
76784 213 1558532 63181 213 1247121 50449 213 1008743 47114 213 945308 33611 213 692248 26016 213 561678 20050 213 422617
