19662 195 188003 15549 195 164669 12768 195 153442 10685 195 140914 8566 195 124239 6187 195 91587 5964 195 90342
12764 78 196883 9945 78 166648 7890 78 142011 7023 78 137195 4356 78 90616 4022 78 85049 3766 78 82185
9881 146 157475 8917 146 151079 8264 146 147719 6655 146 131041 5580 146 117604 5333 146 114158 5255 146 114150
12393 194 194136 10177 194 164427 10059 194 176353 7595 194 145275 6971 194 134670 5581 194 114586 5486 194 113008
13895 102 189439 8277 102 146207 6495 102 121908 5467 102 110434 4876 102 105037 4862 102 106616 4778 102 105081
12205 191 197204 9360 191 161021 7754 191 136748 7187 191 134766 6678 191 133896 5556 191 116755 5492 191 116134
10415 74 181471 7972 74 143774 7405 74 142309 6492 74 134590 5801 74 126125 4847 74 107836 4011 74 89142
11567 249 178912 9744 249 154403 8697 249 144269 7834 249 142289 6600 249 128935 5946 249 120771 5841 249 119893
11855 184 188867 9769 184 161732 8987 184 160187 7663 184 142776 5509 184 111576 5581 184 115918 5565 184 115478
12422 139 194742 11033 139 175916 9723 139 161774 7505 139 135885 6042 139 127129 4823 139 102660 4756 139 102370
13710 251 227797 12860 251 232375 10413 251 199811 9448 251 193638 6942 251 148947 6686 251 153029 6093 251 139364
9262 152 159586 9398 152 170984 7268 152 139829 7171 152 153339 5028 152 117078 4404 152 101830 4161 152 96840
13224 451 224716 11803 451 202134 11051 451 196177 9298 451 169401 9004 451 175695 7879 451 170355 8526 451 190661
8057 140 150167 6250 140 122204 5440 140 112800 4702 140 104633 4915 140 111570 3652 140 83417 3588 140 82432
8137 120 142547 6936 120 127767 6070 120 118576 5608 120 117319 4168 120 96662 3657 120 89449 3667 120 88747
12574 242 222834 10926 242 199527 9340 242 177944 6929 242 140289 5445 242 120187 6076 242 141093 5606 242 131335
10719 162 183109 8756 162 160050 7695 162 149792 6831 162 144124 5289 162 116601 3864 162 90580 3860 162 90689
10647 82 186357 9606 82 172624 8724 82 166140 7028 82 149054 5154 82 120136 4725 82 116552 4705 82 116799
12526 179 227395 9859 179 185559 9000 179 180933 7639 179 166793 5101 179 113098 4755 179 108844 4468 179 103361
12625 238 225375 11645 238 219707 11067 238 223713 7929 238 165889 5780 238 128451 5588 238 126024 5351 238 121397
10643 168 190786 9062 168 170215 7923 168 158448 6857 168 145952 5968 168 134728 4429 168 101207 4318 168 98887
