16366 36 422183 19506 36 511758 19423 36 511077 16323 36 439685 10832 36 294471 9824 36 268521 8455 36 238833
13961 34 357007 14445 34 380262 19046 34 503266 11989 34 311248 12698 34 341235 10193 34 276807 8988 34 248645
20722 36 540256 12859 36 330668 9617 36 247510 13692 36 362696 9605 36 247505 10093 36 275865 9901 36 264890
22330 26 572417 21018 26 548960 15065 26 391796 12993 26 337819 12160 26 327705 9877 26 272540 9311 26 256131
19297 31 511055 25684 31 486481 18765 31 466206 13788 31 373646 12672 31 350030 10523 31 289185 7908 31 222257
17547 33 447026 15120 33 389334 16121 33 416220 12471 33 325128 12515 33 338683 10134 33 276667 8089 33 225432
24311 48 627790 17375 48 445002 16382 48 427754 17676 48 456728 10242 48 273486 11384 48 314219 9896 48 270591
14629 32 369128 18871 32 486884 15606 32 406971 14102 32 371396 14188 32 387209 9725 32 268457 8880 32 251156
16914 31 424400 15903 31 402162 15997 31 421699 13660 31 355798 11678 31 308786 10061 31 269057 8570 31 233941
18248 42 470249 19856 42 512494 17169 42 449111 13627 42 352432 14792 42 392437 10762 42 278653 11791 42 321432
16907 20 440450 19708 20 514955 16735 20 437099 10188 20 273581 11416 20 308435 9046 20 247560 6216 20 168332
23932 28 629500 22852 28 603714 12073 28 312565 14215 28 380469 11164 28 309945 8852 28 241027 7701 28 212168
24871 37 651045 22080 37 584594 18110 37 479280 15767 37 421106 9717 37 260777 8525 37 228669 8447 37 230002
15830 26 405770 13982 26 356946 11723 26 303246 11600 26 299598 10083 26 268652 9389 26 255881 7573 26 210496
18476 35 473957 15737 35 418313 14309 35 379213 14347 35 372894 10629 35 286986 10135 35 275590 9803 35 277618
16329 35 424912 16849 35 442204 11509 35 302556 13207 35 351619 11129 35 307371 10641 35 230927 9646 35 262386
19267 34 491421 17671 34 464348 18887 34 493175 14000 34 364484 12004 34 321453 9936 34 244611 13582 34 232059
21747 34 570067 11379 34 292008 12284 34 326303 12632 34 336245 10472 34 278739 7656 34 212394 8752 34 248421
18984 31 504306 15460 31 405041 15377 31 402030 12268 31 322403 12852 31 353570 10291 31 288416 9308 31 257865
17510 28 438942 17584 28 450307 19620 28 509727 13856 28 359962 12962 28 344961 11586 28 311821 8181 28 230560
20861 28 547534 18917 28 503328 23537 28 635544 13368 28 370307 9489 28 258477 7965 28 218420 7994 28 220260
